 [1] 0.0615135196 0.0545124004 0.0155201068 0.0392533975 0.0063430737 0.0027549820 0.0248593256 0.0606950588 0.0006667775 0.1096066414
[11] 0.0443657742 0.1316323704 0.0540551564 0.1274993495 0.0428791407 0.1337946158 0.0900483097

[[752]]
 [1] 0.0794667967 0.0774104169 0.0970901858 0.0535015320 0.0333797756 0.1251002213 0.0289077150 0.0611863843 0.0484542990 0.0024970156
[11] 0.0009500139 0.0849575038 0.0034074241 0.0590307054 0.0904069860 0.0836193244 0.0706337002

[[753]]
 [1] 0.144344940 0.167786386 0.010073385 0.050265794 0.028627568 0.019202444 0.053480953 0.003659529 0.033424147 0.082639928 0.107344054
[12] 0.069800409 0.004438009 0.022467726 0.068297608 0.099388133 0.034758987

[[754]]
 [1] 0.069418777 0.004613749 0.073145664 0.119153890 0.105291604 0.080973178 0.098422398 0.089163343 0.004654262 0.008124137 0.128249509
[12] 0.039059767 0.034325263 0.005372226 0.028464679 0.004786468 0.106781086

[[755]]
 [1] 0.009770127 0.075533843 0.028714545 0.016347149 0.103679772 0.079405635 0.112396480 0.040517365 0.054036163 0.021805788 0.005072048
[12] 0.053331799 0.003672011 0.106009859 0.091275617 0.096194162 0.102237637

[[756]]
 [1] 0.053391320 0.069419052 0.084979252 0.008975309 0.131351889 0.125820230 0.001416811 0.060340398 0.006511775 0.042747591 0.064104922
[12] 0.017476684 0.115408235 0.056158432 0.092262003 0.024848301 0.044787794

[[757]]
 [1] 0.038083077 0.117571394 0.047239740 0.016998917 0.074955976 0.005251821 0.026654489 0.131539882 0.078727674 0.035418915 0.034254556
[12] 0.057382284 0.109891662 0.002434052 0.053507408 0.029754875 0.140333281

[[758]]
 [1] 0.132346538 0.061848907 0.029081612 0.122058898 0.044771248 0.044564896 0.016811087 0.008231155 0.068096123 0.027786790 0.094615287
[12] 0.062939955 0.064477440 0.033767640 0.125606501 0.017018302 0.045977620

[[759]]
 [1] 0.025855798 0.096389782 0.105926283 0.107780438 0.085530681 0.071574642 0.035695241 0.013674247 0.045352692 0.002207389 0.081377683
[12] 0.099868359 0.079364814 0.029883007 0.025039207 0.035494784 0.058984953

[[760]]
 [1] 0.02706017 0.06501351 0.07937695 0.02036374 0.05161990 0.05409965 0.06927916 0.02954769 0.07802499 0.06700636 0.06478951 0.13245096
[13] 0.01689655 0.06512557 0.00598820 0.04107132 0.13228575

[[761]]
 [1] 0.086506870 0.084609629 0.031951761 0.001219108 0.068190742 0.011399169 0.009497172 0.103727434 0.026940552 0.041485563 0.092525958
[12] 0.084135014 0.044938491 0.063241644 0.075896987 0.069230677 0.104503230

[[762]]
 [1] 0.005795312 0.017355515 0.090342043 0.026518423 0.035731659 0.033199344 0.125509106 0.107410846 0.081452406 0.025080985 0.074848625
[12] 0.129953089 0.124722298 0.002518495 0.014336230 0.074864564 0.030361061

[[763]]
 [1] 0.050330413 0.104212408 0.007478677 0.101416554 0.088456736 0.044784718 0.017107638 0.034466682 0.019861743 0.074450053 0.047318101
[12] 0.100591973 0.009120847 0.087260951 0.118331682 0.017909476 0.076901349

[[764]]
 [1] 0.0866205349 0.0474972094 0.0637081596 0.0792141850 0.1017371806 0.0562494926 0.0390989436 0.0003339146 0.0778159438 0.0238359615
[11] 0.0199928448 0.0911590510 0.0889126605 0.0479856124 0.0867123846 0.0707969560 0.0183289649

[[765]]
 [1] 0.0004409498 0.1063405737 0.0892305038 0.0264450062 0.0033345866 0.0429912947 0.0539126850 0.0705733890 0.0289566550 0.0667397115
[11] 0.0678576818 0.0664946020 0.1106718795 0.0673962351 0.0289920572 0.0708808874 0.0987413017

[[766]]
 [1] 0.067002722 0.003191936 0.049340953 0.072723445 0.040918088 0.030713915 0.018397706 0.058431734 0.091405616 0.065018426 0.007389454
[12] 0.110165433 0.092499507 0.013226007 0.090983088 0.094891038 0.093700933

[[767]]
 [1] 0.03107237 0.03505417 0.03959059 0.03966555 0.07871273 0.09051453 0.02806955 0.05526591 0.06511233 0.07183481 0.12051105 0.03857854
[13] 0.11925141 0.05188145 0.03264227 0.07832085 0.02392189

[[768]]
 [1] 0.088325858 0.006370348 0.060192509 0.111466112 0.057001545 0.072447622 0.081260829 0.106261556 0.003234057 0.106132048 0.026972644
[12] 0.009384473 0.058712408 0.027356954 0.087039340 0.068584353 0.029257345

[[769]]
 [1] 0.012297256 0.057126756 0.001375528 0.101425710 0.016140182 0.044207071 0.014952136 0.059342040 0.052628837 0.052139341 0.096951506
[12] 0.069530069 0.119417268 0.016706614 0.097413313 0.072517017 0.115829356

[[770]]
 [1] 0.034957369 0.032399792 0.032281990 0.075278972 0.048873117 0.069924388 0.005043650 0.038644835 0.121702813 0.121273473 0.062072147
[12] 0.020413925 0.098171848 0.086840691 0.056223311 0.087004963 0.008892716

[[771]]
 [1] 0.0860878672 0.0598820009 0.0004105662 0.0564565879 0.0577714583 0.0912206352 0.0043562522 0.0406001885 0.0423657567 0.0706369228
[11] 0.0339815568 0.0526893598 0.0923795225 0.0771695122 0.0553237101 0.0853327425 0.0933353604

[[772]]
 [1] 0.078071535 0.069984107 0.004329766 0.136756092 0.021467539 0.025729913 0.098140995 0.027031809 0.004609348 0.060351834 0.080313053
[12] 0.015704635 0.012808814 0.019047506 0.142111504 0.115071059 0.088470491

[[773]]
 [1] 0.090399448 0.036989109 0.063620162 0.065781044 0.034705185 0.008470010 0.038790442 0.019027082 0.084519506 0.062846642 0.077006797
[12] 0.079132024 0.028687853 0.009774722 0.091285874 0.095445964 0.113518137

[[774]]
 [1] 0.1021028864 0.1206726607 0.0002643766 0.1180068665 0.0347232426 0.0252380944 0.0743313758 0.0321056504 0.0322860007 0.0209955127
[11] 0.0611127175 0.0847291292 0.0551896856 0.1207928051 0.0628961090 0.0142586702 0.0402942165

[[775]]
 [1] 0.085595479 0.016106868 0.105016388 0.102187173 0.061293156 0.038912506 0.009160622 0.052498325 0.007938063 0.034851118 0.082894880
[12] 0.090355302 0.057743139 0.048789307 0.082559826 0.019653652 0.104444197

[[776]]
 [1] 0.06372106 0.04394948 0.07315715 0.03286349 0.06267866 0.08509126 0.01398982 0.08601834 0.07462405 0.07725972 0.06960644 0.02664847
[13] 0.06817146 0.05540459 0.06565499 0.04550297 0.05565805

[[777]]
 [1] 0.027091094 0.047775175 0.105625534 0.023621111 0.043697713 0.073817192 0.030964577 0.002915596 0.022448519 0.030714938 0.107111097
[12] 0.102951309 0.097853936 0.022683723 0.086358174 0.082874143 0.091496169

[[778]]
 [1] 0.106575646 0.073825988 0.062597276 0.010227432 0.004671597 0.042822075 0.030886670 0.106594558 0.047854332 0.084177682 0.102087716
[12] 0.055390171 0.015678989 0.041591714 0.050724865 0.085093847 0.079199442

[[779]]
 [1] 0.080944763 0.084509143 0.041672969 0.027908986 0.125272551 0.002286535 0.032033304 0.053579550 0.071663365 0.058708573 0.055055519
[12] 0.100321671 0.022524714 0.016230584 0.067071006 0.044241989 0.115974777

[[780]]
 [1] 0.02556372 0.05172611 0.10256319 0.05520043 0.07432079 0.05181533 0.09738743 0.08533815 0.02237525 0.08529123 0.02974817 0.06989731
[13] 0.02660468 0.02988717 0.05345935 0.03564524 0.10317645

[[781]]
 [1] 0.057435128 0.061200938 0.054988588 0.014495400 0.109985746 0.120031369 0.022092704 0.102955270 0.041220398 0.047758547 0.109496932
[12] 0.061736787 0.005122143 0.042016779 0.058829978 0.001745828 0.088887466

[[782]]
 [1] 0.091205581 0.041870848 0.054379198 0.023191965 0.140592519 0.033950487 0.028534614 0.093426321 0.003263807 0.046552040 0.101609401
[12] 0.023762847 0.042285564 0.011471543 0.077883761 0.137295857 0.048723647

[[783]]
 [1] 0.01729444 0.07978180 0.06358411 0.09719592 0.09020287 0.01375790 0.08728007 0.09107416 0.09247314 0.10100145 0.07930303 0.05476743
[13] 0.02563650 0.01265542 0.02185591 0.02325563 0.04888023

[[784]]
 [1] 0.082641871 0.035419021 0.084149030 0.083011189 0.074587683 0.050523322 0.044488562 0.030955785 0.037962816 0.113073500 0.013728080
[12] 0.053458889 0.074706316 0.016568904 0.008861465 0.082621334 0.113242232

[[785]]
 [1] 0.049434482 0.017021536 0.060433015 0.065033310 0.123235744 0.027760710 0.097223676 0.033421396 0.114721940 0.060904902 0.008272639
[12] 0.016404017 0.102690163 0.018807478 0.093459997 0.100555824 0.010619169

[[786]]
 [1] 0.097504749 0.047433775 0.014051375 0.036384085 0.096275782 0.005287949 0.049382206 0.014956958 0.088249588 0.089151790 0.006126349
[12] 0.087829182 0.053998090 0.095717127 0.073029310 0.052923397 0.091698289

[[787]]
 [1] 0.053914767 0.080415444 0.024005982 0.099032734 0.034541160 0.018440270 0.014274949 0.012097305 0.092057580 0.008051471 0.079105832
[12] 0.111243287 0.108525434 0.092432784 0.113698878 0.040152120 0.018010004

[[788]]
 [1] 0.080119793 0.071626504 0.096573174 0.006893459 0.057352836 0.067683280 0.094402118 0.042489389 0.069647711 0.093447475 0.102612826
[12] 0.033109759 0.059797686 0.006578197 0.040974343 0.004094340 0.072597107

[[789]]
 [1] 0.078545404 0.067976148 0.057316407 0.003832820 0.023960325 0.009341139 0.131776382 0.068856755 0.060409593 0.034554240 0.037835440
[12] 0.105870879 0.017942239 0.100080572 0.067410880 0.026245953 0.108044824

[[790]]
 [1] 0.017100805 0.021745821 0.108799190 0.021788965 0.110944060 0.055793405 0.143612748 0.118312901 0.038241824 0.052327755 0.128544634
[12] 0.028543364 0.096539073 0.001876845 0.043169126 0.009147737 0.003511747

[[791]]
 [1] 0.050301769 0.124311198 0.005044244 0.034716524 0.080671779 0.053428672 0.006625544 0.033121928 0.091691119 0.069949805 0.110017833
[12] 0.097990937 0.016686927 0.009949620 0.095515612 0.087399633 0.032576855

[[792]]
 [1] 0.097481217 0.109800113 0.110524910 0.068611252 0.051925584 0.028358477 0.019645846 0.050285076 0.043946091 0.027590672 0.062982205
[12] 0.062005629 0.086881038 0.011882883 0.009796602 0.079312384 0.078970021

[[793]]
 [1] 0.048048881 0.061543933 0.057328085 0.022323366 0.001687073 0.055028790 0.103796660 0.047996131 0.041588063 0.119433195 0.122506204
[12] 0.122414204 0.017744201 0.039953205 0.028413588 0.086499879 0.023694541

[[794]]
 [1] 0.002276482 0.015204701 0.087032452 0.036710617 0.061768440 0.080898651 0.036219885 0.037569502 0.067891709 0.017650929 0.054747080
[12] 0.113116087 0.142894777 0.059243122 0.015167605 0.088353394 0.083254570

[[795]]
 [1] 0.088660820 0.038337619 0.034497763 0.048159067 0.001108920 0.001449408 0.035880528 0.082757364 0.038796907 0.104371848 0.091564290
[12] 0.087922720 0.063650928 0.110301133 0.010845791 0.108688233 0.053006664

[[796]]
 [1] 0.084489030 0.053235318 0.032340019 0.096073168 0.047281781 0.097545286 0.047671628 0.030365423 0.088071279 0.058153377 0.031550361
[12] 0.071216046 0.075524823 0.054787955 0.005041938 0.075152636 0.051499933

[[797]]
 [1] 0.0968524944 0.1054322157 0.0024338486 0.0424121287 0.0140086499 0.0274168006 0.0823904154 0.0966596660 0.0007320499 0.1091370048
[11] 0.0754485118 0.0744499293 0.0315389883 0.0839093067 0.0379875529 0.0308270247 0.0883634123

[[798]]
 [1] 0.07164615 0.03213501 0.09763450 0.02520854 0.09181124 0.07411148 0.07326759 0.02980108 0.02998570 0.08171817 0.03942568 0.07429730
[13] 0.03121632 0.04729271 0.08363183 0.08281371 0.03400300

[[799]]
 [1] 0.070493924 0.105309927 0.035632446 0.082054070 0.013689759 0.036325213 0.054934570 0.116552676 0.128546229 0.038123356 0.057933835
[12] 0.030715256 0.002173296 0.086404030 0.111502184 0.015689296 0.013919933

[[800]]
 [1] 0.017147937 0.080415025 0.032298151 0.098673769 0.103034421 0.069542552 0.059939922 0.107850865 0.063678900 0.089187065 0.083128494
[12] 0.005585466 0.082761375 0.011112298 0.046854381 0.019991284 0.028798094

[[801]]
 [1] 0.02967659 0.01450851 0.11288294 0.05552081 0.02720527 0.07369519 0.05236298 0.06322126 0.01247958 0.03385633 0.08159926 0.08950910
[13] 0.09920242 0.09956227 0.06240244 0.01186851 0.08044654

[[802]]
 [1] 0.04925932 0.06069888 0.07952915 0.05426122 0.05673814 0.06746395 0.03654814 0.07532552 0.07960348 0.02359732 0.08560299 0.01552690
[13] 0.09107245 0.02419638 0.05834533 0.08693023 0.05530062

[[803]]
 [1] 0.1071522526 0.0394537478 0.0643841129 0.0221955489 0.0389007329 0.0884908130 0.0714043498 0.0252715890 0.1179308110 0.0235098375
[11] 0.0537999030 0.0451183325 0.0403009923 0.1169805968 0.0237461687 0.1203722936 0.0009879176

[[804]]
 [1] 0.053868254 0.080854295 0.017822953 0.035232882 0.116549273 0.086763909 0.071307891 0.118251206 0.006476081 0.033501092 0.106858077
[12] 0.045984317 0.006321601 0.021155844 0.027979387 0.096090712 0.074982225

[[805]]
 [1] 0.070036009 0.086650622 0.112000390 0.050519035 0.069171131 0.110327952 0.061671290 0.109418772 0.016535404 0.011189959 0.060588922
[12] 0.034272556 0.011043086 0.081913923 0.096838345 0.007629273 0.010193331

[[806]]
 [1] 0.01477263 0.12810286 0.12716991 0.02850845 0.04583283 0.03483598 0.09738161 0.05790131 0.08940313 0.11952261 0.03053241 0.01373899
[13] 0.10077164 0.05169519 0.01724160 0.02414374 0.01844510

[[807]]
 [1] 0.019997160 0.085308653 0.106669827 0.036945937 0.074818218 0.089775223 0.003664662 0.095791559 0.111656784 0.024099118 0.102589316
[12] 0.015351002 0.060877006 0.062768919 0.050523442 0.050550734 0.008612440

[[808]]
 [1] 0.052358062 0.013283862 0.087693822 0.105961117 0.029877852 0.117033044 0.001108123 0.064674585 0.010411505 0.052743323 0.085658191
[12] 0.008598071 0.096823254 0.099857318 0.096383432 0.055013072 0.022521365

[[809]]
 [1] 0.1008173146 0.0944749945 0.0004764378 0.0439899015 0.0181811649 0.0634542802 0.0432040283 0.0580741428 0.0276795258 0.1056797515
[11] 0.1053786172 0.1101984763 0.0889612851 0.0038360741 0.0403633225 0.0267104249 0.0685202580

[[810]]
 [1] 0.096282949 0.108669440 0.051631046 0.070048213 0.034107852 0.050169342 0.061790772 0.011899944 0.039839317 0.081239334 0.103810158
[12] 0.005662367 0.012713139 0.081433239 0.074468432 0.062568499 0.053665957

[[811]]
 [1] 3.754417e-02 1.195228e-01 2.676474e-02 8.049380e-02 4.132497e-02 8.583266e-02 2.377056e-05 1.178245e-02 8.895613e-02 6.821164e-02
[11] 7.712803e-02 1.471797e-02 5.667342e-02 5.709916e-03 8.813930e-02 8.188063e-02 1.152937e-01

[[812]]
 [1] 0.077394702 0.060448810 0.068289889 0.037265797 0.037882812 0.021672650 0.066927439 0.087980439 0.000702891 0.103788860 0.103767466
[12] 0.047975269 0.051193675 0.090670774 0.035351666 0.047820950 0.060865912

[[813]]
 [1] 0.07078709 0.02532486 0.09442777 0.07602355 0.10541353 0.08497006 0.01902835 0.06248633 0.03880877 0.04022875 0.02743668 0.09834771
[13] 0.09161466 0.02731563 0.02028114 0.05019741 0.06730771

[[814]]
 [1] 0.0112521005 0.0001535416 0.0976958298 0.0138439851 0.0552087799 0.1273046458 0.0110899400 0.1089926690 0.0472261910 0.0635102577
[11] 0.1055415941 0.0371519036 0.1286954621 0.0250893680 0.1083639550 0.0457362510 0.0131435258

[[815]]
 [1] 0.03271935 0.01714352 0.03555397 0.04541325 0.09894375 0.07506478 0.04728636 0.03671815 0.09828239 0.07529458 0.02231593 0.01336075
[13] 0.07588352 0.14035256 0.02655116 0.15161934 0.00749664

[[816]]
 [1] 0.035675841 0.003245876 0.110280742 0.040681837 0.080177570 0.077703024 0.024039310 0.068637139 0.031680775 0.112996473 0.069745328
[12] 0.002669877 0.084706362 0.067970679 0.030258292 0.117435184 0.042095691

[[817]]
 [1] 0.091140525 0.100328859 0.053941017 0.078159142 0.055338364 0.060504292 0.006886940 0.052278773 0.100386719 0.007287932 0.049536166
[12] 0.052762746 0.025091611 0.041400583 0.077211662 0.089454473 0.058290196

[[818]]
 [1] 0.073800345 0.061181161 0.023922251 0.101965155 0.112913789 0.079811630 0.011706345 0.077784845 0.003634962 0.112276337 0.044148336
[12] 0.038926596 0.112413748 0.006646107 0.038760165 0.087042976 0.013065250

[[819]]
 [1] 0.04251587 0.04574712 0.08806545 0.10490702 0.01750833 0.01951078 0.02328233 0.07580546 0.11516501 0.11383004 0.02838385 0.07494171
[13] 0.08717094 0.06961487 0.02822097 0.04814132 0.01718893

[[820]]
 [1] 0.102328294 0.036869733 0.069622515 0.111865546 0.069626327 0.024080843 0.015773680 0.013985893 0.055660707 0.033687030 0.076527337
[12] 0.070125026 0.086051588 0.104789040 0.024927822 0.009268457 0.094810165

[[821]]
 [1] 0.006984017 0.002880098 0.091333082 0.094277998 0.078856617 0.038426216 0.024591562 0.087141454 0.097337466 0.029782436 0.076515854
[12] 0.047236670 0.011767990 0.072833444 0.064699311 0.069958841 0.105376945

[[822]]
 [1] 0.0296081004 0.1313260563 0.0644222900 0.0001991928 0.0781928587 0.0162504282 0.0385076126 0.0941813411 0.0457515802 0.0447457142
[11] 0.0795043285 0.0219256348 0.1052738837 0.0409964756 0.0569745370 0.1038709655 0.0482690006

[[823]]
 [1] 0.0509023357 0.0539599767 0.0094561842 0.0627918631 0.0983383516 0.1191529604 0.0002742778 0.1186063498 0.0611517678 0.1086046252
[11] 0.0406108440 0.0795824088 0.0452536090 0.0213452145 0.0326927174 0.0219137052 0.0753628085

[[824]]
 [1] 0.0810554190 0.0540223854 0.0386371010 0.0001252041 0.0138812325 0.0475403811 0.0808585793 0.1323689781 0.0447833211 0.1007967886
[11] 0.0066182118 0.1222363995 0.0532417863 0.0568059168 0.1097183262 0.0352984445 0.0220115246

[[825]]
 [1] 0.032618252 0.095836103 0.089809269 0.039976787 0.039431206 0.023101009 0.055809355 0.109967742 0.005385641 0.063180332 0.031857488
[12] 0.111005559 0.074826920 0.041785833 0.066130452 0.036255700 0.083022350

[[826]]
 [1] 0.027048726 0.032227546 0.076521849 0.107502106 0.070866208 0.109787373 0.086028013 0.050071713 0.024674089 0.008708807 0.041420190
[12] 0.038975355 0.060149875 0.096750295 0.015340977 0.086764102 0.067162776

[[827]]
 [1] 0.03818922 0.09909727 0.04711227 0.10882138 0.09194729 0.04470344 0.07833986 0.04642630 0.01834057 0.02230524 0.04896771 0.07104973
[13] 0.09001803 0.03433034 0.05538611 0.07156805 0.03339720

[[828]]
 [1] 0.050023885 0.057078826 0.088026846 0.023994917 0.015835843 0.004340647 0.114595676 0.072810875 0.048642365 0.097462729 0.037675597
[12] 0.065277084 0.059355405 0.076967951 0.019375492 0.109379949 0.059155914

[[829]]
 [1] 0.072287974 0.036660073 0.081968680 0.112972617 0.034317841 0.009893082 0.010239651 0.045788534 0.065624402 0.037979937 0.065791050
[12] 0.040596857 0.114615968 0.117281533 0.012483593 0.020803170 0.120695038

[[830]]
 [1] 0.041037268 0.095600530 0.107014059 0.044829741 0.047220084 0.006497556 0.103600644 0.074472891 0.047346268 0.006563502 0.099675166
[12] 0.105889682 0.046427903 0.058829823 0.041221302 0.051586865 0.022186717

[[831]]
 [1] 0.051211730 0.015619942 0.095125338 0.087253097 0.083855679 0.082952102 0.027496788 0.069378569 0.041585112 0.022042342 0.108447149
[12] 0.001266421 0.066912968 0.037900543 0.110029467 0.036805834 0.062116921

[[832]]
 [1] 0.0225465947 0.0387921741 0.0515073727 0.0002659578 0.1220562931 0.0982650920 0.1197627037 0.0054072442 0.0717794979 0.1148348695
[11] 0.0178806953 0.0191064581 0.0309698999 0.0663876232 0.0457184018 0.0567710446 0.1179480775

[[833]]
 [1] 0.106998884 0.116228144 0.013503980 0.007799425 0.022186091 0.032302834 0.047695690 0.068653913 0.113442053 0.012344781 0.078701833
[12] 0.069036229 0.043848780 0.094490160 0.107918154 0.014435678 0.050413370

[[834]]
 [1] 0.035486687 0.062506372 0.087161288 0.011229603 0.082049077 0.057317977 0.077573139 0.049093748 0.097184417 0.058927119 0.074432963
[12] 0.074860883 0.022580390 0.005506276 0.069104129 0.033368410 0.101617521

[[835]]
 [1] 0.064836154 0.124747063 0.008116170 0.112090494 0.011878723 0.020772438 0.003588076 0.079839893 0.049710294 0.080014420 0.119136471
[12] 0.074474106 0.001304939 0.043996398 0.013989611 0.077807098 0.113697652

[[836]]
 [1] 0.03815917 0.02083181 0.06489553 0.06139971 0.06154008 0.08544649 0.03342363 0.05902452 0.02292711 0.06623902 0.05407041 0.01276159
[13] 0.10297222 0.01058320 0.08345931 0.10928500 0.11298120

[[837]]
 [1] 0.087923761 0.097626507 0.038048640 0.010522396 0.037108260 0.095991539 0.009673793 0.047123700 0.052521602 0.105440857 0.052425921
[12] 0.040065666 0.059182649 0.085267892 0.065063283 0.011768865 0.104244669

[[838]]
 [1] 0.001422225 0.067175329 0.009039353 0.101321807 0.019616954 0.070287300 0.047590435 0.042232781 0.088060254 0.072203386 0.089038658
[12] 0.074473850 0.081225057 0.065448762 0.086085681 0.051332294 0.033445875

[[839]]
 [1] 0.1088690133 0.1033095283 0.0062603095 0.0117252887 0.0738118304 0.0209606064 0.0632618486 0.0838006208 0.0338888005 0.1013860155
[11] 0.0950969130 0.0644416065 0.1031165500 0.0095540976 0.0170748920 0.1025887397 0.0008533394

[[840]]
 [1] 0.07911594 0.03891096 0.03628883 0.01561328 0.09495990 0.02813365 0.09259522 0.07640684 0.07669463 0.09553194 0.08351960 0.03574019
[13] 0.03452870 0.01239734 0.02093991 0.09769871 0.08092435

[[841]]
 [1] 0.111977345 0.104111122 0.084642636 0.024462851 0.021119237 0.006091272 0.093712590 0.021622563 0.062796577 0.089541107 0.008286183
[12] 0.073834747 0.095381916 0.016973958 0.067442433 0.032211092 0.085792372

[[842]]
 [1] 0.086775394 0.080443294 0.053427738 0.091649745 0.024939259 0.077105595 0.028876062 0.010377017 0.079977652 0.076026618 0.094672638
[12] 0.058230601 0.040646463 0.029662758 0.073679972 0.086614691 0.006894502

[[843]]
 [1] 0.091673791 0.059645122 0.029909363 0.108373317 0.125423908 0.105175094 0.003395832 0.086298245 0.034334070 0.054743989 0.023002564
[12] 0.018420533 0.083305175 0.032490649 0.048348970 0.029879194 0.065580185

[[844]]
 [1] 0.0531511146 0.1049217354 0.0949591862 0.0592933124 0.1201374559 0.0413383578 0.0508470464 0.0516472867 0.0270144213 0.0123817914
[11] 0.0928543735 0.0412349726 0.0003083698 0.0449033974 0.0766844618 0.1193739399 0.0089487769

[[845]]
 [1] 0.114439716 0.004927068 0.094974375 0.028784319 0.064053310 0.095993816 0.009449360 0.016422468 0.036646407 0.038480399 0.030392761
[12] 0.066461064 0.058071568 0.109009516 0.057091456 0.062087456 0.112714941

[[846]]
 [1] 0.015441688 0.106311616 0.102270761 0.052414758 0.126004152 0.044743522 0.038930165 0.116962588 0.017464382 0.004538419 0.003420951
[12] 0.110773763 0.046420191 0.007894223 0.080088392 0.062586248 0.063734181

[[847]]
 [1] 0.005345168 0.066924270 0.073105147 0.089083895 0.082413982 0.096329587 0.037832864 0.057843564 0.065224521 0.036108832 0.012653406
[12] 0.044292814 0.068091860 0.057843766 0.000271644 0.106868968 0.099765713

[[848]]
 [1] 0.107355386 0.063789365 0.061667682 0.121147995 0.027070155 0.111581187 0.088847124 0.018963791 0.104381594 0.003649768 0.027520998
[12] 0.051253662 0.049257447 0.047680441 0.008756143 0.079266922 0.027810341

[[849]]
 [1] 0.053174769 0.044622577 0.089957200 0.100742462 0.025706448 0.053628706 0.096541375 0.060982839 0.008442325 0.014129868 0.007701694
[12] 0.121936153 0.101620756 0.098124195 0.100535041 0.012606527 0.009547067

[[850]]
 [1] 0.089433358 0.088708074 0.006351530 0.073525125 0.089186348 0.014317547 0.001105584 0.079689287 0.002881413 0.032315437 0.018894327
[12] 0.099701088 0.105263081 0.035467663 0.051917332 0.101290335 0.109952470

[[851]]
 [1] 0.057452519 0.029357114 0.102808823 0.054573856 0.071739772 0.105584988 0.028338130 0.003499450 0.099226236 0.076055210 0.015466981
[12] 0.064149753 0.137786812 0.086280595 0.029755685 0.034768524 0.003155553

[[852]]
 [1] 0.042341656 0.063049113 0.082805953 0.004815056 0.095649935 0.089790131 0.058191162 0.004114323 0.082644017 0.057241379 0.068335357
[12] 0.067391440 0.061354947 0.088785766 0.064679260 0.061497808 0.007312698

[[853]]
 [1] 0.04257405 0.05521516 0.05979005 0.10977848 0.03752805 0.02718476 0.05368398 0.05767931 0.07106928 0.05789010 0.09955964 0.04341979
[13] 0.08353870 0.04279046 0.04687080 0.06852219 0.04290521

[[854]]
 [1] 0.054028536 0.062731921 0.086104883 0.038278841 0.062093460 0.009775015 0.071346493 0.068892527 0.069813039 0.056130360 0.048425847
[12] 0.090867501 0.112128082 0.008142359 0.014446823 0.039910077 0.106884234

[[855]]
 [1] 0.107082954 0.058317549 0.079607201 0.086259041 0.022913822 0.033828742 0.060376961 0.071327508 0.047391356 0.114498962 0.102895494
[12] 0.049170844 0.038665961 0.001170785 0.042736051 0.035187475 0.048569293

[[856]]
 [1] 0.004773491 0.028921009 0.013939099 0.127273882 0.028787014 0.004856248 0.033494639 0.053500250 0.055524760 0.061346271 0.073797479
[12] 0.127813981 0.089211713 0.080389765 0.061463616 0.060259923 0.094646859

[[857]]
 [1] 0.01451184 0.08981643 0.02213274 0.05642040 0.03081811 0.08140453 0.05638770 0.08095183 0.09068443 0.08130734 0.02776146 0.11883407
[13] 0.04463941 0.12283750 0.02205483 0.01317335 0.04626402

[[858]]
 [1] 0.05969002 0.01408440 0.09099076 0.05559717 0.09118186 0.05244600 0.05972842 0.06918312 0.04679977 0.03280809 0.08167160 0.05989906
[13] 0.04291595 0.05311086 0.08084593 0.06721417 0.04183285

[[859]]
 [1] 0.01968085 0.04776890 0.08732783 0.06173604 0.10990629 0.08345613 0.08520030 0.09574773 0.02518172 0.10087159 0.02215686 0.01665568
[13] 0.04716345 0.11008558 0.01296765 0.01077610 0.06331729

[[860]]
 [1] 0.104207228 0.131410340 0.024952538 0.075513185 0.024153432 0.092958461 0.039480393 0.092719404 0.032857351 0.089243553 0.006389437
[12] 0.008662609 0.040413718 0.041496349 0.140306918 0.004117246 0.051117838

[[861]]
 [1] 0.103301786 0.054077716 0.079541698 0.015521446 0.064618398 0.024521274 0.049494792 0.079231993 0.006529521 0.115768487 0.052195216
[12] 0.112949561 0.020844475 0.030054308 0.024650490 0.051835760 0.114863081

[[862]]
 [1] 0.07538466 0.04865882 0.01803249 0.06019955 0.05465179 0.05183851 0.06000165 0.09072686 0.01660338 0.03208249 0.06213036 0.09119642
[13] 0.06307482 0.08440430 0.03124313 0.07896811 0.08080267

[[863]]
 [1] 0.108342952 0.039563055 0.059982892 0.083243193 0.005008307 0.108736955 0.108568879 0.016147715 0.003933011 0.134858381 0.066916665
[12] 0.045616763 0.070009623 0.025391175 0.036411541 0.084553836 0.002715058

[[864]]
 [1] 0.052441097 0.107517801 0.020042350 0.081057806 0.133733347 0.058930436 0.092640867 0.072587467 0.018335330 0.023366132 0.119871487
[12] 0.074799249 0.013172462 0.090622671 0.025180024 0.012138360 0.003563113

[[865]]
 [1] 0.10261059 0.08539509 0.03023961 0.07617243 0.06651697 0.03963169 0.08726505 0.02791696 0.07758593 0.02957504 0.01374123 0.05278416
[13] 0.04995321 0.04422714 0.06915328 0.04961417 0.09761745

[[866]]
 [1] 0.03042560 0.07734781 0.07794767 0.05257981 0.05032800 0.10037616 0.07472770 0.02122076 0.12438508 0.04645379 0.01271053 0.05254365
[13] 0.01484874 0.09832275 0.08107369 0.02506098 0.05964728

[[867]]
 [1] 0.018962668 0.045709464 0.008547329 0.077229831 0.046049138 0.070635910 0.086159337 0.074843251 0.064471508 0.003957014 0.084574897
[12] 0.096065917 0.092801501 0.092216191 0.087356723 0.030244062 0.020175259

[[868]]
 [1] 0.0009836051 0.0061308441 0.1169328718 0.0828037953 0.0800819635 0.0202120879 0.0133877845 0.0262039468 0.0431549285 0.1117024062
[11] 0.0055531292 0.0929913880 0.0496463600 0.0194546044 0.1166081802 0.0773379442 0.1368141600

[[869]]
 [1] 0.092330613 0.089911125 0.075487991 0.035316974 0.007669656 0.027635067 0.057909297 0.099692015 0.091567077 0.063244123 0.046200148
[12] 0.013817944 0.062662824 0.012745466 0.030821488 0.086623221 0.106364970

[[870]]
 [1] 0.005138708 0.014030076 0.087907998 0.134450890 0.039787351 0.027733339 0.060408829 0.032978032 0.054953893 0.030252746 0.098989876
[12] 0.051095450 0.112399432 0.080449024 0.014714110 0.067848407 0.086861839

[[871]]
 [1] 0.047862324 0.015476735 0.023033934 0.007192453 0.105662756 0.083349978 0.102585301 0.056167671 0.015773379 0.087828827 0.006622800
[12] 0.113800286 0.097013609 0.103899677 0.001206269 0.008262346 0.124261654

[[872]]
 [1] 0.087661510 0.014259534 0.028264331 0.049079450 0.108717362 0.106468053 0.041584745 0.051525460 0.094799060 0.032752332 0.076366353
[12] 0.080280856 0.092766474 0.005211063 0.015947134 0.102937739 0.011378544

[[873]]
 [1] 0.003255904 0.047721187 0.114882096 0.088522740 0.087815366 0.130809353 0.026318114 0.012887784 0.062518254 0.029007300 0.097033327
[12] 0.018136111 0.017106531 0.082828518 0.118613014 0.031677608 0.030866793

[[874]]
 [1] 0.096503429 0.051215206 0.091611458 0.035093575 0.001394719 0.052359923 0.006906616 0.083121396 0.059791334 0.092139000 0.052688582
[12] 0.066875619 0.052990654 0.088642711 0.073081094 0.028768010 0.066816673

[[875]]
 [1] 0.020500721 0.078730344 0.064076037 0.093568247 0.000705392 0.093960343 0.083232190 0.073079911 0.048024109 0.028291535 0.071616275
[12] 0.047967756 0.029877117 0.084531884 0.080168631 0.077580973 0.024088535

[[876]]
 [1] 0.116602524 0.053302689 0.116873607 0.002239068 0.089688896 0.091676648 0.037694433 0.007952937 0.018293208 0.049084379 0.088414827
[12] 0.049191351 0.105408860 0.097298100 0.014134313 0.027498250 0.034645910

[[877]]
 [1] 0.05335383 0.06854659 0.07124938 0.06736313 0.06418781 0.07175927 0.02386843 0.02861276 0.06659813 0.06820862 0.06892055 0.03278602
[13] 0.05200254 0.06996603 0.06301044 0.07137219 0.05819428

[[878]]
 [1] 0.029107178 0.096459486 0.061089968 0.108060452 0.036167443 0.004420906 0.056852254 0.024602469 0.073760094 0.081116925 0.050095589
[12] 0.019927587 0.095751417 0.088275034 0.046477846 0.027934649 0.099900704

[[879]]
 [1] 0.108828862 0.086811864 0.068477784 0.054551062 0.012981035 0.036860399 0.062933473 0.035016790 0.077590472 0.102703496 0.014261498
[12] 0.102627114 0.012736179 0.098397940 0.006552463 0.091726828 0.026942743

[[880]]
 [1] 0.10043727 0.06674400 0.04601222 0.07289843 0.06074073 0.05731389 0.06237156 0.04759291 0.01317184 0.04864080 0.02234033 0.05726555
[13] 0.03851448 0.07005788 0.02572991 0.11112621 0.09904198

[[881]]
 [1] 0.042388624 0.048363991 0.038093974 0.069267879 0.041846036 0.022963113 0.061285260 0.050046519 0.064078969 0.049121217 0.044646575
[12] 0.086626709 0.058044477 0.007526798 0.119122431 0.094759549 0.101817879

[[882]]
 [1] 0.078647711 0.096898516 0.096783310 0.021945683 0.019757765 0.100804919 0.020299343 0.005839217 0.053667232 0.022541879 0.047881712
[12] 0.032485911 0.056872349 0.065746999 0.095995852 0.088928473 0.094903128

[[883]]
 [1] 0.037117039 0.009638701 0.055911631 0.037448105 0.140042869 0.131072319 0.038499557 0.047658628 0.036078306 0.108909152 0.071120309
[12] 0.007550289 0.067054087 0.015286130 0.133859520 0.038889084 0.023864275

[[884]]
 [1] 0.054556602 0.068717565 0.045438279 0.095725256 0.077429416 0.006035832 0.094809400 0.020144048 0.008948365 0.104512241 0.023021476
[12] 0.097363738 0.093102453 0.019539231 0.067585696 0.043406640 0.079663761

[[885]]
 [1] 0.085387872 0.087686911 0.071534710 0.049537438 0.077257020 0.081999966 0.002614416 0.001379965 0.037805159 0.023290070 0.046905539
[12] 0.008648686 0.093684881 0.093682862 0.088437709 0.092299610 0.057847186

[[886]]
 [1] 0.0208942833 0.0705708609 0.0090331007 0.1209124129 0.1446061483 0.0006433837 0.0370540520 0.1131865033 0.0941490232 0.0137478835
[11] 0.0315729155 0.0516726007 0.0307131426 0.0303444765 0.0721747497 0.1093032127 0.0494212506

[[887]]
 [1] 0.050583560 0.091642225 0.014976563 0.020390408 0.005579362 0.094153645 0.075927331 0.072584495 0.080863334 0.086265500 0.026651853
[12] 0.039199648 0.074707032 0.083168649 0.029246412 0.086260344 0.067799641

[[888]]
 [1] 0.01488591 0.05136658 0.02512302 0.04599542 0.08496863 0.02658179 0.04791697 0.10259969 0.01911254 0.09425360 0.04793849 0.10981261
[13] 0.10007960 0.08858433 0.05153689 0.07352583 0.01571809

[[889]]
 [1] 0.0004941156 0.0096094663 0.0593031700 0.0377704638 0.1632986276 0.1001801520 0.1468729659 0.0096646803 0.0148332105 0.0101250504
[11] 0.0525599807 0.0068427630 0.0261004101 0.1125528901 0.0578105893 0.1426851980 0.0492962664

[[890]]
 [1] 0.03197493 0.09211585 0.06334057 0.09935615 0.01483696 0.03447226 0.11928331 0.03083197 0.09074740 0.01549032 0.05450072 0.04770438
[13] 0.09720680 0.00665614 0.11331661 0.03181349 0.05635213

[[891]]
 [1] 0.019557075 0.083058072 0.074861674 0.024966304 0.082562836 0.005816461 0.079946117 0.081542517 0.087636508 0.018444392 0.085270612
[12] 0.045745529 0.073216791 0.057021414 0.070358559 0.077579272 0.032415868

[[892]]
 [1] 0.092079427 0.068014080 0.021265075 0.101189151 0.031574875 0.103261787 0.060501058 0.066312202 0.087385053 0.042475916 0.053601468
[12] 0.006720107 0.019593132 0.060443702 0.088918029 0.079605274 0.017059664

[[893]]
 [1] 0.017253378 0.100297516 0.070625322 0.102457350 0.049827338 0.104538598 0.002026864 0.015147094 0.016783929 0.031965068 0.012139878
[12] 0.074383265 0.019982893 0.128925452 0.107229513 0.083510725 0.062905816

[[894]]
 [1] 0.095742708 0.025854839 0.029318431 0.006579531 0.078000341 0.020503004 0.002581541 0.136262839 0.035736431 0.055212637 0.109014483
[12] 0.102336393 0.033918063 0.015517402 0.079514460 0.119190167 0.054716730

[[895]]
 [1] 0.052346173 0.003112933 0.037129341 0.103236668 0.014871942 0.048487195 0.067966546 0.103226691 0.076893139 0.003046329 0.090772113
[12] 0.083996257 0.085654872 0.095466280 0.034644055 0.072481571 0.026667896

[[896]]
 [1] 0.08280134 0.06507750 0.09744772 0.03564987 0.06485702 0.01837804 0.02887773 0.01471126 0.08262334 0.04688611 0.06294322 0.06177463
[13] 0.08800644 0.08567627 0.02058147 0.09723756 0.04647049

[[897]]
 [1] 0.097718033 0.031154048 0.094644516 0.065620866 0.027232121 0.049863533 0.101553119 0.013856814 0.031163821 0.062093576 0.100340186
[12] 0.044420494 0.016386594 0.073294087 0.090319903 0.004201816 0.096136471

[[898]]
 [1] 0.02319589 0.04364822 0.03155947 0.03629282 0.04466158 0.12694653 0.05591337 0.10261018 0.09082318 0.06634256 0.01806932 0.09381697
[13] 0.05927526 0.08492721 0.03602443 0.01207396 0.07381905

[[899]]
 [1] 0.07945074 0.10523449 0.10869927 0.01366081 0.04585609 0.07094491 0.02324267 0.04649819 0.10611320 0.04470296 0.03742889 0.01327432
[13] 0.08273999 0.07149322 0.05053806 0.01487575 0.08524644

[[900]]
 [1] 0.1112168788 0.1137209089 0.0400045870 0.0945272131 0.1109482245 0.0415553801 0.1108861966 0.0486887789 0.0002383334 0.0586963456
[11] 0.0732512830 0.0004299802 0.1192288769 0.0209428509 0.0218548235 0.0299277085 0.0038816303

[[901]]
 [1] 0.025461538 0.021439300 0.084824790 0.044575970 0.090823917 0.082676241 0.033782219 0.008989103 0.038839552 0.087856784 0.050142699
[12] 0.097758968 0.062211236 0.097881748 0.051191369 0.092718056 0.028826512

[[902]]
 [1] 0.082610774 0.103607016 0.056242546 0.074294326 0.079513811 0.078874974 0.042865754 0.067484490 0.038276234 0.023970213 0.042479815
[12] 0.073107225 0.100278941 0.007165779 0.031414799 0.066125138 0.031688165

[[903]]
 [1] 0.066778025 0.001034793 0.021924993 0.124021478 0.125497600 0.071253586 0.061270319 0.012800487 0.084159231 0.049614473 0.058089765
[12] 0.005480450 0.050121468 0.092407955 0.114200739 0.055679074 0.005665563

[[904]]
 [1] 0.068210914 0.070695530 0.020363925 0.037244214 0.004259449 0.001770640 0.068611480 0.088297345 0.091113269 0.068109509 0.061125505
[12] 0.069276631 0.036299245 0.073400621 0.092108857 0.069406993 0.079705874

[[905]]
 [1] 0.05298976 0.04203547 0.01901863 0.05702757 0.02752392 0.07803889 0.06170427 0.07147300 0.09135761 0.05425933 0.08549756 0.09542092
[13] 0.09857559 0.02528344 0.02290758 0.03110082 0.08578566

[[906]]
 [1] 0.076698320 0.094132800 0.089299138 0.000761897 0.060771958 0.108050379 0.114057677 0.096167295 0.002693306 0.033969257 0.053107242
[12] 0.045396285 0.035705622 0.059047161 0.009995298 0.092996334 0.027150032

[[907]]
 [1] 0.012064445 0.085842533 0.014479787 0.008213614 0.115483267 0.075560242 0.030192945 0.079712518 0.046185240 0.102298601 0.113889606
[12] 0.020336730 0.026266756 0.073275174 0.014638539 0.027602077 0.153957928

[[908]]
 [1] 0.07563183 0.04585530 0.05665358 0.06707205 0.04755156 0.02078105 0.09597271 0.06311060 0.09339747 0.03721587 0.03082247 0.02052979
[13] 0.09714534 0.09620716 0.06850667 0.01774164 0.06580490

[[909]]
 [1] 0.007225363 0.077012182 0.072651210 0.019018011 0.038959421 0.098011711 0.078840591 0.061259317 0.062046932 0.053346755 0.088029495
[12] 0.049586639 0.043537301 0.016533623 0.092832840 0.057030090 0.084078520

[[910]]
 [1] 0.108891889 0.007607100 0.186371189 0.042225515 0.065032669 0.003625962 0.048158723 0.069440801 0.055394343 0.049386129 0.063257428
[12] 0.134311934 0.039936196 0.010833469 0.025179271 0.088199465 0.002147916

[[911]]
 [1] 0.041685848 0.038163477 0.065046200 0.016466944 0.073325279 0.007782030 0.075047780 0.088267687 0.104470836 0.116852907 0.080249465
[12] 0.095903375 0.105157558 0.006241380 0.040942076 0.039560564 0.004836593

[[912]]
 [1] 0.033119617 0.088109446 0.030316132 0.104787396 0.026503357 0.037744628 0.037561490 0.076471723 0.066097221 0.066887730 0.111029521
[12] 0.009935794 0.141106281 0.031928096 0.054610219 0.028499758 0.055291592

[[913]]
 [1] 0.047360992 0.060827620 0.121451839 0.024127217 0.020750724 0.003646829 0.056405134 0.004957469 0.087653195 0.000783728 0.058373701
[12] 0.035165827 0.106428254 0.047582230 0.122783179 0.121377369 0.080324693

[[914]]
 [1] 0.050125107 0.121991712 0.020695633 0.018950721 0.031134326 0.033319771 0.080362282 0.088618614 0.005048606 0.002726691 0.116772396
[12] 0.068288305 0.027921534 0.081123542 0.027778977 0.121626366 0.103515418

[[915]]
 [1] 0.049813872 0.103298731 0.086612461 0.115192552 0.006749647 0.031790273 0.054520483 0.091647348 0.023160735 0.020115064 0.087904839
[12] 0.030280446 0.083707295 0.063817038 0.066462606 0.040491595 0.044435015

[[916]]
 [1] 0.084734993 0.017339479 0.068784951 0.026564877 0.103966662 0.080874105 0.061951979 0.041668228 0.111861776 0.017400594 0.089290909
[12] 0.078407022 0.010384415 0.015652978 0.108817981 0.008634023 0.073665029

[[917]]
 [1] 0.004156386 0.076201129 0.000321444 0.031737257 0.162879434 0.104365313 0.024340887 0.057589638 0.076345357 0.057078120 0.055587170
[12] 0.013575097 0.111155460 0.013615730 0.080848017 0.103454336 0.026749225

[[918]]
 [1] 0.070417844 0.085345989 0.074795340 0.038526559 0.073294221 0.084885301 0.060663531 0.076844207 0.004910495 0.055324632 0.070887064
[12] 0.031281284 0.050419171 0.001206969 0.024797115 0.093433713 0.102966564

[[919]]
 [1] 0.005079885 0.093821393 0.090515940 0.035111238 0.014849237 0.042950355 0.040805502 0.013990023 0.115634443 0.024189469 0.003019967
[12] 0.058114765 0.108648947 0.125368459 0.060207460 0.025740612 0.141952305

[[920]]
 [1] 0.030619852 0.108708866 0.001105441 0.068031849 0.082523698 0.074204935 0.030404391 0.043164205 0.056870548 0.080758162 0.057235300
[12] 0.034584185 0.088870016 0.038450002 0.085435205 0.033149309 0.085884036

[[921]]
 [1] 0.114800148 0.088385122 0.060017004 0.003408190 0.003887830 0.098497916 0.025965456 0.027256633 0.011524499 0.003254846 0.083327511
[12] 0.100131718 0.109444135 0.005701038 0.100330949 0.058218610 0.105848395

[[922]]
 [1] 0.059469306 0.106767763 0.024692734 0.047334519 0.004686751 0.040123073 0.060123227 0.012653195 0.085166043 0.060513010 0.044671405
[12] 0.093739181 0.071976636 0.052253292 0.077557381 0.087229344 0.071043139

[[923]]
 [1] 0.04011721 0.07833333 0.07676430 0.06209790 0.01301506 0.05589520 0.01617732 0.10203067 0.03979299 0.09049538 0.09424939 0.09218253
[13] 0.08638657 0.04377757 0.02524400 0.02722947 0.05621112

[[924]]
 [1] 0.096421977 0.099892100 0.011711848 0.073787993 0.005175889 0.051445867 0.084128903 0.099815722 0.068568094 0.007362851 0.063827343
[12] 0.015845134 0.044262561 0.085606508 0.007525923 0.071843483 0.112777804

[[925]]
 [1] 0.057790866 0.013218023 0.122852528 0.100692426 0.067765027 0.059863330 0.085400351 0.027719242 0.080371155 0.014619052 0.070808174
[12] 0.045870978 0.102311905 0.007904707 0.117805207 0.004976222 0.020030808

[[926]]
 [1] 0.056562874 0.006751712 0.043508563 0.066307971 0.028779772 0.066316443 0.049899625 0.038344089 0.053275587 0.092459857 0.079979064
[12] 0.081659835 0.075746055 0.054811462 0.098795248 0.023069892 0.083731952

[[927]]
 [1] 0.041018000 0.008380215 0.127870033 0.036130100 0.067597606 0.090724157 0.002166786 0.061670774 0.070237754 0.045840454 0.083907530
[12] 0.113977405 0.045383108 0.102569707 0.058363781 0.003277591 0.040884997

[[928]]
 [1] 0.093453247 0.013397525 0.066077616 0.024738365 0.107023004 0.005308227 0.094977414 0.097500072 0.081567745 0.083750327 0.060867694
[12] 0.007321224 0.057648148 0.055589621 0.085846539 0.038073481 0.026859750

[[929]]
 [1] 0.04592132 0.10642752 0.04931602 0.04470719 0.04069353 0.06514253 0.06975390 0.00234142 0.06749121 0.09753612 0.06404283 0.11252988
[13] 0.03203238 0.02517729 0.08090722 0.06386139 0.03211825

[[930]]
 [1] 0.016805289 0.032926967 0.034376803 0.045728494 0.071933831 0.092429571 0.082636363 0.041196312 0.095859918 0.045250581 0.059435271
[12] 0.075886743 0.001372306 0.078564668 0.072254316 0.076564488 0.076778080

[[931]]
 [1] 0.079332417 0.070625581 0.089585352 0.069173611 0.065866597 0.009198598 0.071864869 0.083836901 0.038902835 0.083894074 0.070621011
[12] 0.025117699 0.065045947 0.063313005 0.046442652 0.006249573 0.060929278

[[932]]
 [1] 0.09307495 0.07001358 0.10039003 0.03164846 0.01519783 0.01091480 0.03488312 0.04135482 0.05335721 0.10998536 0.04033640 0.01038620
[13] 0.06921361 0.11553619 0.07015460 0.09440335 0.03914950

[[933]]
 [1] 0.053781075 0.046402336 0.059052336 0.008254639 0.043639931 0.057247877 0.067192114 0.082843062 0.031561790 0.087573491 0.092916569
[12] 0.092852126 0.079324066 0.019788163 0.081617397 0.036992135 0.058960892

[[934]]
 [1] 0.04657357 0.05386631 0.03835695 0.07546996 0.04611660 0.06117632 0.01732765 0.06234449 0.05135609 0.08067122 0.08721246 0.09175516
[13] 0.09452138 0.06163863 0.09255470 0.02273878 0.01631972

[[935]]
 [1] 0.007939017 0.098317868 0.112706262 0.036472609 0.076820596 0.035237051 0.048951344 0.075554118 0.038130235 0.105445263 0.041810282
[12] 0.056892713 0.060251140 0.070186929 0.011929679 0.035019061 0.088335833

[[936]]
 [1] 0.03917723 0.03767905 0.05440701 0.01508352 0.01447773 0.04215184 0.08017935 0.09734735 0.01825652 0.07567322 0.04367353 0.09945277
[13] 0.04807526 0.04978137 0.10785072 0.06822987 0.10850365

[[937]]
 [1] 0.073060985 0.108426215 0.140804496 0.039699703 0.117502248 0.007637430 0.008105417 0.013352174 0.142472531 0.001803587 0.020279598
[12] 0.057502754 0.005361095 0.082474345 0.008132566 0.041260642 0.132124214

[[938]]
 [1] 0.056206556 0.084166086 0.014261815 0.035172763 0.009232263 0.001565521 0.066253021 0.047280197 0.066933883 0.069021953 0.037823500
[12] 0.116549481 0.020130226 0.119413264 0.088321282 0.076909887 0.090758301

[[939]]
 [1] 0.056336680 0.001360387 0.094052622 0.107319034 0.046922252 0.033440881 0.005438446 0.120482555 0.068721792 0.036207840 0.124195359
[12] 0.039818359 0.036647774 0.115333767 0.007113577 0.050248409 0.056360266

[[940]]
 [1] 0.061736841 0.104444926 0.072069545 0.020775344 0.017464083 0.074148819 0.063074690 0.114200294 0.054232701 0.045529685 0.082994746
[12] 0.109379310 0.066081570 0.079941807 0.010893522 0.018863784 0.004168334

[[941]]
 [1] 5.668598e-02 7.912772e-02 8.513744e-02 1.058484e-01 9.239268e-02 5.165129e-05 5.004604e-02 8.324994e-02 5.195564e-02 3.685194e-03
[11] 7.396446e-02 2.006285e-02 9.508388e-02 6.276241e-02 1.277129e-02 8.267229e-02 4.450211e-02

[[942]]
 [1] 0.118104933 0.070818527 0.088365011 0.112720758 0.085879425 0.099244557 0.040079785 0.038956587 0.055614324 0.018221352 0.043848705
[12] 0.004474522 0.045851861 0.010907863 0.061633280 0.006230184 0.099048327

[[943]]
 [1] 0.053733562 0.031114460 0.029384821 0.090798504 0.083031181 0.097123557 0.046217710 0.040048621 0.081784319 0.093987901 0.101647543
[12] 0.065601098 0.056432055 0.059740450 0.046388034 0.008518797 0.014447386

[[944]]
 [1] 0.111900981 0.123590488 0.006952392 0.103361532 0.109686270 0.049266712 0.064619660 0.044715029 0.028470108 0.070821980 0.040855843
[12] 0.031022751 0.063023644 0.044885964 0.036066527 0.069551203 0.001208917

[[945]]
 [1] 0.07974330 0.07278431 0.07973771 0.08605585 0.02741024 0.06420966 0.01138563 0.02726609 0.06976443 0.07406687 0.04827069 0.07074420
[13] 0.05142921 0.02201465 0.08095460 0.05848298 0.07567955

[[946]]
 [1] 0.04621038 0.03017373 0.06404583 0.00500163 0.07229541 0.10023095 0.01233734 0.03503397 0.05444621 0.07309975 0.04330766 0.01808695
[13] 0.10130108 0.05479051 0.09812286 0.08962059 0.10189513

[[947]]
 [1] 0.07009053 0.08916128 0.07785375 0.04820510 0.03458045 0.10484448 0.01865190 0.03749202 0.05231164 0.07751137 0.06553638 0.02017788
[13] 0.05873061 0.07045725 0.04757528 0.09812350 0.02869659

[[948]]
 [1] 0.020586832 0.061704486 0.048081276 0.017764323 0.049004908 0.004365773 0.048301894 0.119526640 0.114398086 0.056475405 0.120009356
[12] 0.027189176 0.043547696 0.112019094 0.042414984 0.055002191 0.059607879

[[949]]
 [1] 0.029383233 0.081272219 0.011871584 0.051537049 0.083254426 0.042315538 0.109858049 0.046525077 0.092256619 0.002319373 0.120262575
[12] 0.006512498 0.074852098 0.036117474 0.066388729 0.086251431 0.059022028

[[950]]
 [1] 0.108177676 0.040371241 0.011140062 0.054517788 0.017090463 0.011220453 0.014079178 0.068120016 0.145112608 0.040276845 0.099946956
[12] 0.055894275 0.070892029 0.146187445 0.076751705 0.039086476 0.001134784

[[951]]
 [1] 0.07133597 0.02884846 0.01926294 0.07174011 0.09323535 0.05055055 0.03298657 0.09971979 0.09078671 0.05634305 0.01444805 0.07535635
[13] 0.05100364 0.10829306 0.06988718 0.05110677 0.01509544

[[952]]
 [1] 0.10272736 0.12415385 0.11998629 0.02400228 0.04822246 0.01557533 0.01159791 0.03048877 0.06904511 0.01840039 0.09017571 0.04877014
[13] 0.03905512 0.05619284 0.11570714 0.07450322 0.01139609

[[953]]
 [1] 0.012439711 0.092556564 0.058998696 0.093749107 0.050941648 0.092800582 0.052944225 0.007486193 0.091594432 0.058538034 0.036928696
[12] 0.086166630 0.030956588 0.087190378 0.069998784 0.065292669 0.011417063

[[954]]
 [1] 0.078638736 0.010284740 0.091981785 0.058329281 0.046507499 0.078291689 0.009892951 0.067286427 0.086032677 0.067840896 0.086112357
[12] 0.044407645 0.082473275 0.009950871 0.018795824 0.072290142 0.090883206

[[955]]
 [1] 0.069730755 0.100190351 0.047780165 0.002536328 0.078976704 0.069555930 0.090318926 0.044133002 0.085636630 0.062817041 0.051864144
[12] 0.002734079 0.090366905 0.034599266 0.087961978 0.069750143 0.011047654

[[956]]
 [1] 0.021805956 0.107011668 0.009738117 0.073137238 0.057057204 0.079183469 0.035993033 0.029883626 0.004692113 0.109152491 0.070898376
[12] 0.109652277 0.024170903 0.074139476 0.024522286 0.058060745 0.110901024

[[957]]
 [1] 0.0770458002 0.0584064356 0.1043137121 0.0720064766 0.0102689965 0.0171988264 0.0287841435 0.0266536206 0.1008193681 0.0095688835
[11] 0.0995110237 0.0514336078 0.0940113565 0.0989823688 0.0810995639 0.0691720504 0.0007237659

[[958]]
 [1] 0.06176988 0.07158313 0.03179882 0.10944937 0.06525623 0.03640703 0.05247892 0.02447813 0.07408756 0.06479447 0.09127592 0.06758936
[13] 0.01720993 0.04731862 0.09377826 0.03381150 0.05691287

[[959]]
 [1] 0.111693655 0.019717503 0.090337136 0.013776021 0.027997205 0.120451454 0.034345825 0.008344199 0.006446730 0.115998667 0.022024881
[12] 0.102343099 0.024486116 0.067276884 0.101230500 0.100852916 0.032677212

[[960]]
 [1] 0.027856570 0.041555748 0.102894017 0.034539411 0.085098772 0.053697658 0.101874813 0.086604372 0.072084149 0.014241148 0.099135306
[12] 0.047346728 0.083397836 0.008902470 0.039040785 0.093300614 0.008429605

[[961]]
 [1] 0.041519748 0.096258777 0.046147734 0.076252259 0.002639205 0.016124382 0.099352244 0.067296398 0.085870237 0.063258317 0.096495102
[12] 0.066772935 0.098191229 0.003502904 0.037345855 0.049021350 0.053951324

[[962]]
 [1] 0.0735288298 0.0436895431 0.0010414540 0.1114751476 0.0484410171 0.0761781257 0.0813952732 0.0006056179 0.1281559543 0.0717870928
[11] 0.0179764149 0.0689692804 0.0338691594 0.0652753523 0.0027492936 0.1200422395 0.0548202041

[[963]]
 [1] 0.094768409 0.031634013 0.026748542 0.096293933 0.076687480 0.031224320 0.026763212 0.015080207 0.094895391 0.018000002 0.094721834
[12] 0.059800741 0.069739427 0.076919468 0.097657086 0.001367694 0.087698242

[[964]]
 [1] 0.002676266 0.018227764 0.045330893 0.108546242 0.089308739 0.065351997 0.119661460 0.098095378 0.046519652 0.006983093 0.091205195
[12] 0.075187822 0.001283854 0.105337563 0.033012817 0.020118925 0.073152338

[[965]]
 [1] 0.0402435936 0.0464789024 0.0705526765 0.1048524790 0.1125988182 0.0657329407 0.0637301251 0.0758727289 0.0001063164 0.0489380748
[11] 0.0530619664 0.0672214767 0.0381800916 0.0411149449 0.0637488138 0.0952190550 0.0123469961

[[966]]
 [1] 0.059651621 0.008954218 0.079637032 0.039083494 0.080445292 0.086973509 0.062255296 0.070680664 0.092104372 0.032159427 0.039517483
[12] 0.060708851 0.100695882 0.039656132 0.003010377 0.070471115 0.073995235

[[967]]
 [1] 0.095326318 0.051454672 0.074316005 0.071467759 0.028319943 0.104065919 0.077283108 0.002350029 0.060610014 0.114009311 0.024262112
[12] 0.077777668 0.015298051 0.013159581 0.076083609 0.076309141 0.037906758

[[968]]
 [1] 0.04927054 0.05539534 0.04721142 0.01749255 0.06518286 0.03184591 0.04098974 0.09068345 0.03861109 0.04195793 0.09949632 0.09117852
[13] 0.03014827 0.04092842 0.07789353 0.09003326 0.09168086

[[969]]
 [1] 0.059122438 0.012755144 0.102877848 0.089929284 0.100576918 0.009972299 0.002109473 0.040078072 0.078671501 0.052358887 0.086144945
[12] 0.013656505 0.052640217 0.077027315 0.086374555 0.043060315 0.092644284

[[970]]
 [1] 0.07504530 0.01271241 0.10082007 0.09232413 0.01382206 0.05130612 0.08205994 0.04927493 0.08841375 0.10531488 0.07703691 0.09327801
[13] 0.01915704 0.03947102 0.03181004 0.04322706 0.02492634

[[971]]
 [1] 0.122473220 0.059853739 0.093335877 0.011553876 0.055223966 0.003884543 0.076665702 0.026514271 0.081168887 0.034825721 0.076944290
[12] 0.008799173 0.081733014 0.009109455 0.117457900 0.116242755 0.024213610

[[972]]
 [1] 0.076500951 0.027538078 0.028372165 0.041641325 0.062586146 0.071515586 0.002285768 0.019831446 0.076541857 0.007392018 0.044178990
[12] 0.107655092 0.094917814 0.098525132 0.085350314 0.115394592 0.039772726

[[973]]
 [1] 0.06696380 0.07218558 0.02357709 0.10621221 0.02686342 0.06360944 0.10907870 0.02582984 0.10816970 0.05128626 0.06797698 0.07841610
[13] 0.05872570 0.02096902 0.02467649 0.04622137 0.04923829

[[974]]
 [1] 0.082843965 0.063591841 0.026033062 0.079368543 0.063656172 0.073826960 0.075220917 0.086234440 0.087126328 0.010338814 0.085324796
[12] 0.077251297 0.071762168 0.011135309 0.058520763 0.039639839 0.008124785

[[975]]
 [1] 0.009797913 0.048650965 0.057616072 0.135294464 0.118229287 0.042681543 0.071887892 0.014104378 0.036487436 0.083269603 0.061023110
[12] 0.009960670 0.133424419 0.033097653 0.031391336 0.088274132 0.024809128

[[976]]
 [1] 0.06605643 0.06857479 0.05406204 0.06540957 0.02478435 0.07092977 0.10217725 0.06728024 0.02911232 0.04965873 0.03796759 0.03821760
[13] 0.08531749 0.07555502 0.04296406 0.08106210 0.04087066

[[977]]
 [1] 0.032396207 0.054801302 0.112443745 0.011465606 0.112466264 0.083021501 0.078732911 0.086023247 0.032109586 0.030679254 0.063319269
[12] 0.075247739 0.000587315 0.069377230 0.038371834 0.113753116 0.005203874

[[978]]
 [1] 0.08044555 0.06237857 0.06705992 0.01901178 0.09001795 0.01001985 0.05965952 0.06220654 0.05816620 0.05910470 0.09513071 0.02184371
[13] 0.01221661 0.04540528 0.08226893 0.08072943 0.09433475

[[979]]
 [1] 0.018887917 0.102633025 0.066173496 0.093528384 0.045645655 0.039798963 0.005013695 0.131736622 0.051152763 0.018026501 0.025408195
[12] 0.089897205 0.063511549 0.020976319 0.095968282 0.002802468 0.128838963

[[980]]
 [1] 0.080726963 0.107907235 0.054154464 0.025258666 0.107612184 0.063351884 0.024516508 0.097311422 0.007766057 0.014160216 0.029583618
[12] 0.054637352 0.092367609 0.020578709 0.037747231 0.076757737 0.105562144

[[981]]
 [1] 0.111601626 0.028855693 0.099703000 0.001894666 0.067216426 0.086878935 0.004658794 0.064418608 0.072054619 0.099293970 0.018460140
[12] 0.106001923 0.018656051 0.077153540 0.063014480 0.049029243 0.031108287

[[982]]
 [1] 0.05190249 0.02241956 0.08937998 0.07959361 0.01654302 0.07808779 0.11819702 0.03038936 0.02932713 0.01809966 0.09742412 0.08874577
[13] 0.05326399 0.01608599 0.03247733 0.10329298 0.07477020

[[983]]
 [1] 0.094992911 0.026876357 0.055945920 0.049058663 0.039336546 0.066126321 0.080769650 0.007586888 0.099330751 0.079484307 0.021086717
[12] 0.067338086 0.088864774 0.081941654 0.013536358 0.027635199 0.100088896

[[984]]
 [1] 0.011413541 0.053686584 0.005310811 0.027038769 0.121216492 0.020870712 0.053092407 0.089840124 0.038988400 0.016763881 0.079720823
[12] 0.034484300 0.092744545 0.114803378 0.078991415 0.109903060 0.051130760

[[985]]
 [1] 0.03625093 0.04815193 0.04866575 0.06630530 0.08476762 0.01710368 0.07502549 0.01825823 0.05818217 0.10082017 0.04395674 0.07164190
[13] 0.05494834 0.07126836 0.09016266 0.06004168 0.05444906

[[986]]
 [1] 0.086101264 0.033944343 0.005006044 0.061081937 0.021153270 0.087078785 0.078383609 0.043110117 0.079910096 0.077168594 0.063710186
[12] 0.088451988 0.072846781 0.001606158 0.089086152 0.060082606 0.051278070

[[987]]
 [1] 0.03789336 0.06910135 0.10390046 0.10402677 0.01027053 0.01075402 0.05658554 0.04344913 0.09621170 0.04299508 0.04828108 0.01971403
[13] 0.07994403 0.08152664 0.09950147 0.02474047 0.07110433

[[988]]
 [1] 0.076159439 0.105618517 0.018038285 0.006658702 0.030396766 0.066253753 0.072180313 0.100580468 0.043571317 0.040917702 0.132054436
[12] 0.088657221 0.024473093 0.087623943 0.038561835 0.046488901 0.021765311

[[989]]
 [1] 0.018236446 0.117932360 0.009423595 0.088297307 0.073299014 0.120870144 0.051927795 0.035214169 0.009753166 0.050502407 0.014439749
[12] 0.100174649 0.028619629 0.085501259 0.078813821 0.045399341 0.071595148

[[990]]
 [1] 0.027055966 0.075576534 0.004314270 0.075429103 0.027985045 0.083395977 0.094629997 0.049379309 0.111923836 0.102975939 0.035365240
[12] 0.087500478 0.070682334 0.050385809 0.012085145 0.002829247 0.088485773

[[991]]
 [1] 0.096137964 0.095737429 0.010949454 0.041723278 0.070409186 0.053474327 0.083362308 0.079203696 0.061971301 0.004073233 0.056303819
[12] 0.073489451 0.053906087 0.076567798 0.052534342 0.056493845 0.033662482

[[992]]
 [1] 0.11815351 0.07974659 0.06326044 0.04537354 0.01489437 0.10884891 0.07691614 0.01036872 0.04344913 0.01818201 0.05686599 0.01576328
[13] 0.04809901 0.08616281 0.08789925 0.07861495 0.04740135

[[993]]
 [1] 0.032790998 0.125056014 0.057944501 0.071625193 0.054372314 0.057417765 0.047709354 0.050733215 0.022200466 0.018189979 0.026852688
[12] 0.035900002 0.009948439 0.074024590 0.099823125 0.112382862 0.103028494

[[994]]
 [1] 0.110615551 0.023795512 0.096271415 0.072364649 0.020066638 0.027800101 0.091876779 0.093767345 0.070973235 0.029058782 0.001276639
[12] 0.007779309 0.124624978 0.058345693 0.050045992 0.021070286 0.100267097

[[995]]
 [1] 0.095344335 0.016595288 0.013246000 0.102394492 0.039200042 0.105373944 0.097399697 0.053042871 0.070955091 0.049646180 0.059553615
[12] 0.108631002 0.038807321 0.021615655 0.035730010 0.005578858 0.086885599

[[996]]
 [1] 0.047218101 0.079992593 0.108055029 0.085795181 0.108982200 0.078072095 0.101735812 0.012807800 0.001011953 0.087962106 0.086015015
[12] 0.025948380 0.004179710 0.026505714 0.095035962 0.003698870 0.046983478

[[997]]
 [1] 0.047221275 0.002504118 0.023536421 0.101847895 0.015220535 0.033280202 0.127355250 0.005867574 0.028814936 0.112155171 0.124696523
[12] 0.026264031 0.100598650 0.138581947 0.059967730 0.004572005 0.047515737

[[998]]
 [1] 0.03523112 0.01972529 0.07842789 0.04850990 0.03420179 0.02396832 0.04582044 0.05848137 0.12780524 0.02255428 0.10609498 0.09101849
[13] 0.12648660 0.07091658 0.01121442 0.01007992 0.08946337

[[999]]
 [1] 0.04477659 0.08844238 0.02353789 0.10150736 0.11089072 0.05213021 0.02123766 0.07569157 0.11499723 0.07923470 0.02458779 0.06650381
[13] 0.01560216 0.03083134 0.01153655 0.04378774 0.09470429

[[1000]]
 [1] 0.086616745 0.074162313 0.006358848 0.038287513 0.079388015 0.075132157 0.047708291 0.081445713 0.052249698 0.071609566 0.078736860
[12] 0.044806549 0.041660561 0.060335117 0.055635902 0.029486641 0.076379509

 [ reached getOption("max.print") -- omitted 4000 entries ]