   [1] 0.004893758 0.004804754 0.005716827 0.005491302 0.006252061 0.004440660 0.004157243 0.003873972 0.004531380 0.004844711 0.005700060
  [12] 0.005218582 0.003896246 0.004211045 0.004894160 0.003700079 0.003565344 0.005781486 0.003395238 0.005958035 0.003850534 0.005258747
  [23] 0.003896473 0.004025946 0.004749170 0.005818278 0.004503902 0.004582233 0.004366831 0.005362541 0.003359958 0.005270831 0.004356994
  [34] 0.003606378 0.005330812 0.004805800 0.005464951 0.003461968 0.005257579 0.005825019 0.004852921 0.004479730 0.004770595 0.005200330
  [45] 0.005051042 0.004545458 0.003482174 0.006011347 0.005531290 0.005319094 0.004678644 0.004443031 0.004248146 0.004665455 0.005297721
  [56] 0.005189683 0.003745513 0.005173730 0.005738711 0.005500060 0.005576000 0.004345249 0.003220314 0.003772251 0.005050986 0.004940057
  [67] 0.004516378 0.005745515 0.004028475 0.005948058 0.004691120 0.003334299 0.005175270 0.005613436 0.005658352 0.004704084 0.005254647
  [78] 0.003938122 0.004387528 0.003998577 0.004225762 0.004773222 0.004957061 0.004869280 0.003939278 0.003025456 0.004337728 0.004305263
  [89] 0.003739152 0.005144511 0.004290460 0.004437769 0.003476762 0.005349959 0.005518287 0.004778792 0.005567470 0.003763336 0.006132527
 [100] 0.005277959 0.005701330 0.005184344 0.006031729 0.004539150 0.004096057 0.004818013 0.005769650 0.004639537 0.004574911 0.003385374
 [111] 0.005366673 0.004822577 0.003522410 0.005643085 0.005421816 0.006108398 0.005093083 0.004482458 0.004595817 0.004455123 0.005323980
 [122] 0.004222925 0.004587425 0.005542106 0.006280555 0.005993102 0.003979659 0.004682780 0.005555935 0.004521675 0.005508553 0.006308270
 [133] 0.006178276 0.004405556 0.004827261 0.006784422 0.006120514 0.005687538 0.003475780 0.005810854 0.004371043 0.004634306 0.004425891
 [144] 0.004275411 0.005411690 0.005303562 0.004324890 0.004913659 0.004320188 0.004451129 0.005404855 0.005576715 0.004349374 0.003355331
 [155] 0.004037238 0.005454856 0.006526133 0.005732357 0.003945780 0.005344967 0.003338490 0.003921250 0.003532090 0.004188978 0.004470429
 [166] 0.005396236 0.005654580 0.004753874 0.003894407 0.006392374 0.005165186 0.005188832 0.004636813 0.004473243 0.004647767 0.004186493
 [177] 0.005861750 0.003518825 0.004368382 0.004334787 0.005078523 0.006361038 0.003918200 0.006219437 0.005468304 0.005283150 0.003671722
 [188] 0.006503555 0.006565765 0.004614934 0.004275820 0.004984442 0.005241001 0.003615576 0.003287736 0.004695428 0.006310077 0.005052994
 [199] 0.005635109 0.004637776 0.004998294 0.005013807 0.004678663 0.002773652 0.004878290 0.004677023 0.004977558 0.004962312 0.004347976
 [210] 0.003994124 0.003446989 0.005260575 0.003339642 0.004378884 0.003950814 0.005580253 0.003596071 0.004329305 0.004227098 0.005819338
 [221] 0.003760894 0.003899677 0.003896528 0.005221096 0.005524942 0.004299175 0.003912704 0.004844050 0.004433047 0.005891506 0.004227679
 [232] 0.004763953 0.006071443 0.005262748 0.004806055 0.005755131 0.005369190 0.005053476 0.004953917 0.004549830 0.004148651 0.005251793
 [243] 0.005043670 0.005551929 0.006538320 0.004563279 0.005245161 0.004045263 0.005456011 0.002975249 0.004135874 0.003025558 0.005060032
 [254] 0.006412036 0.004241238 0.005660657 0.004776681 0.005281274 0.005380579 0.005652969 0.005700434 0.004872963 0.005134495 0.004591984
 [265] 0.005851575 0.005394269 0.004496612 0.003594974 0.005376513 0.003494619 0.003786327 0.006220058 0.003676204 0.004609378 0.004640545
 [276] 0.004667459 0.004046971 0.004108934 0.003978234 0.005302041 0.003585121 0.006622891 0.002597951 0.003924120 0.005821890 0.005465979
 [287] 0.003836508 0.005499335 0.004880406 0.005998021 0.005952603 0.004685623 0.004425841 0.003017167 0.005164269 0.005930418 0.004472359
 [298] 0.003247964 0.004150222 0.004349022 0.003395940 0.004566054 0.004305041 0.005477094 0.005819467 0.004312486 0.004672571 0.004892036
 [309] 0.004038344 0.005656921 0.006990913 0.004710235 0.004990197 0.004816459 0.004748175 0.004666177 0.004947137 0.004951423 0.005873395
 [320] 0.003866529 0.004476495 0.005264851 0.005226786 0.002231529 0.004966864 0.005659529 0.004191597 0.005156820 0.003510173 0.005529785
 [331] 0.003609261 0.004039124 0.003873386 0.004687662 0.005532710 0.005576141 0.005173658 0.006152882 0.007145384 0.002239024 0.003995241
 [342] 0.004727210 0.004040676 0.003621511 0.005442647 0.004080884 0.006105349 0.005743774 0.004898712 0.004817025 0.005864523 0.006270148
 [353] 0.006367407 0.002546114 0.003425400 0.004433944 0.005970006 0.004682630 0.005277984 0.005182772 0.004387001 0.004147768 0.005786638
 [364] 0.004694868 0.005593483 0.006252301 0.004994210 0.005575889 0.004427797 0.005235497 0.004538219 0.003116190 0.006293213 0.004560676
 [375] 0.005304576 0.004127056 0.002826465 0.004257963 0.005727034 0.003350887 0.004561480 0.003775203 0.005926076 0.005179392 0.004056468
 [386] 0.004070851 0.004506047 0.005556623 0.005107896 0.003588876 0.006641475 0.004780374 0.004809074 0.004822576 0.004778901 0.005044973
 [397] 0.005186490 0.003218148 0.003744446 0.004525409 0.004452642 0.005441310 0.005738391 0.004508735 0.004831018 0.006222196 0.004858827
 [408] 0.005514734 0.005856271 0.004922192 0.004759191 0.004818128 0.005103327 0.005448330 0.005255462 0.004494651 0.004303960 0.004331007
 [419] 0.004492748 0.005020591 0.004653198 0.004053727 0.004238766 0.005714116 0.004079267 0.003626306 0.004864163 0.004956532 0.005285798
 [430] 0.004968705 0.004135116 0.004337937 0.005868295 0.004915781 0.005703742 0.005990690 0.004120714 0.006050668 0.004646264 0.004445322
 [441] 0.005724332 0.003868476 0.004668947 0.004528589 0.004329458 0.004122704 0.004715700 0.004912059 0.002159819 0.005941440 0.003607301
 [452] 0.004756633 0.003347112 0.004000910 0.005383991 0.005187734 0.003652876 0.005690623 0.003717508 0.004697422 0.005357071 0.004959214
 [463] 0.005031297 0.006014791 0.006189550 0.005415244 0.005691053 0.005819797 0.004954081 0.004936031 0.004681244 0.004741883 0.004006194
 [474] 0.004663935 0.004559902 0.004819568 0.003578884 0.005527566 0.003950207 0.003208119 0.004211067 0.003465165 0.005188510 0.005261752
 [485] 0.004595710 0.004065460 0.004496752 0.004878242 0.004611575 0.005577163 0.004876673 0.004815534 0.003289623 0.004314998 0.003737591
 [496] 0.004481658 0.006197620 0.005018598 0.004715079 0.005817741 0.005201382 0.004116307 0.003072913 0.005672024 0.004656703 0.004650876
 [507] 0.004701036 0.003457483 0.004479801 0.004665730 0.004346518 0.003911420 0.004930435 0.004837389 0.004996338 0.004925489 0.004458698
 [518] 0.005098476 0.003470808 0.003478179 0.005526331 0.006251743 0.003522127 0.003584883 0.005124682 0.005626855 0.003443245 0.005955423
 [529] 0.003972885 0.004536519 0.005782725 0.005617288 0.007630951 0.005630367 0.005127288 0.006108699 0.004276156 0.004825886 0.003149790
 [540] 0.004396594 0.003466532 0.003202702 0.004724925 0.004311838 0.004713200 0.005800498 0.007069219 0.005565711 0.003563272 0.004976803
 [551] 0.004862784 0.002311393 0.006523967 0.005413100 0.004383751 0.006634553 0.002934631 0.005514073 0.005438912 0.005327291 0.005312072
 [562] 0.006249779 0.006600831 0.005278052 0.004003580 0.005144050 0.004367732 0.005368467 0.004528289 0.005646462 0.004127297 0.003621930
 [573] 0.004555712 0.005919815 0.003774080 0.005493485 0.004136471 0.005042014 0.005988549 0.004778552 0.005083710 0.003435015 0.005197287
 [584] 0.006220313 0.004479493 0.005341820 0.004947805 0.003705072 0.006023297 0.004403768 0.004862673 0.003881842 0.005783431 0.004316109
 [595] 0.003897620 0.004867925 0.004386411 0.004910064 0.004752828 0.005185199 0.004450831 0.004107207 0.005164633 0.004015496 0.004234119
 [606] 0.004102264 0.005371381 0.004489133 0.005100234 0.005967265 0.004647144 0.004500428 0.005040535 0.005138620 0.005472568 0.005690732
 [617] 0.004031203 0.004670039 0.004147542 0.004440776 0.005178440 0.005094668 0.005030200 0.003674326 0.004620882 0.004995902 0.003658578
 [628] 0.004963092 0.003670034 0.004138574 0.006223666 0.006333229 0.005273303 0.004530264 0.003946659 0.006252697 0.003846676 0.003885283
 [639] 0.003674947 0.003887241 0.003516288 0.005480467 0.004329177 0.003493732 0.002114527 0.006093187 0.004212009 0.004076691 0.005631055
 [650] 0.004743380 0.004968167 0.004654409 0.004330402 0.003826289 0.003173250 0.004284308 0.005934455 0.004536886 0.004740388 0.004670703
 [661] 0.006031683 0.002402953 0.005044662 0.004107121 0.004989529 0.005362076 0.005466343 0.004491027 0.005645134 0.003383035 0.004556120
 [672] 0.005337391 0.005406811 0.003905733 0.004156362 0.004292885 0.005242063 0.005922972 0.007659226 0.006291547 0.004519416 0.004157901
 [683] 0.005260222 0.004869603 0.003620763 0.005180560 0.003589114 0.004728609 0.002989920 0.003449010 0.006166502 0.005536691 0.004679877
 [694] 0.004557716 0.005191463 0.005304971 0.004651961 0.003649514 0.004997706 0.003292780 0.004796113 0.005025148 0.005205413 0.003354133
 [705] 0.005437640 0.004409118 0.005000768 0.004276262 0.006399564 0.004957064 0.006053471 0.004993940 0.004547654 0.003818408 0.004437829
 [716] 0.004656461 0.003948567 0.006062241 0.005221892 0.005760584 0.005140113 0.004552840 0.005665962 0.005624348 0.005464349 0.003393245
 [727] 0.004538726 0.005712666 0.005256641 0.003594325 0.002759742 0.005206571 0.005102152 0.005256291 0.005180939 0.004959601 0.004472880
 [738] 0.005055198 0.003695799 0.003845773 0.004742556 0.005868184 0.003900206 0.005099703 0.006071832 0.004025526 0.003898117 0.004022290
 [749] 0.006044998 0.003646188 0.005711618 0.005532409 0.004063608 0.003966355 0.007763464 0.003994464 0.004377590 0.003199077 0.003825207
 [760] 0.004716489 0.004561732 0.005014333 0.003865275 0.004699378 0.005160990 0.004847255 0.004395541 0.004487310 0.004718814 0.004490621
 [771] 0.005208242 0.006047298 0.004778330 0.004507025 0.003364482 0.004030099 0.004751740 0.004240560 0.004008725 0.004630230 0.003444216
 [782] 0.005185881 0.003428414 0.004459875 0.005839974 0.005041195 0.004231911 0.003394944 0.005735102 0.003849944 0.003866186 0.004052376
 [793] 0.004189666 0.005513610 0.004778245 0.004798773 0.004181219 0.004888451 0.004271725 0.003488634 0.004346218 0.005045710 0.006342639
 [804] 0.005334083 0.004168764 0.004006645 0.004090693 0.004353913 0.002738006 0.004658906 0.004761718 0.004112069 0.003862805 0.003731666
 [815] 0.007061641 0.005043071 0.004943042 0.003560503 0.003421695 0.003733718 0.005260012 0.005323899 0.003066248 0.004127038 0.004109753
 [826] 0.006415811 0.004994090 0.005919714 0.004332560 0.004609338 0.004256634 0.006210297 0.004534529 0.004397727 0.003856385 0.005651518
 [837] 0.003846376 0.004495365 0.003974744 0.005143527 0.004183417 0.003901707 0.003760814 0.005324374 0.005210643 0.004635347 0.006114946
 [848] 0.005444163 0.004633018 0.005035547 0.003995223 0.004898287 0.004363051 0.004198576 0.002719707 0.004657659 0.004366028 0.004790322
 [859] 0.004677372 0.003734387 0.003595218 0.005427173 0.004208083 0.004013145 0.005432726 0.005368773 0.005142806 0.004584370 0.005095121
 [870] 0.005210747 0.005182368 0.004623593 0.004518920 0.003544453 0.005676686 0.003829057 0.004695521 0.004692367 0.004721607 0.005994488
 [881] 0.005485178 0.005705063 0.003885583 0.004198957 0.005605038 0.005653750 0.005955056 0.004554956 0.008552213 0.005080342 0.005485777
 [892] 0.005299871 0.005751025 0.004296739 0.005298925 0.005013471 0.004300623 0.004636037 0.004286559 0.003881264 0.004973561 0.004168943
 [903] 0.005196972 0.005282415 0.004109588 0.005798480 0.004537778 0.005288997 0.005106195 0.003290194 0.003115908 0.003705995 0.006522628
 [914] 0.006606059 0.004337243 0.003986639 0.005422941 0.005057871 0.005988980 0.004338504 0.004458151 0.005353345 0.002881920 0.006180834
 [925] 0.003786368 0.003939007 0.003214943 0.004509111 0.004085554 0.006064992 0.003582798 0.005088967 0.003754322 0.003146392 0.004121876
 [936] 0.005396395 0.004857763 0.005790911 0.004031097 0.003547371 0.005094987 0.003820395 0.003087422 0.004284977 0.003790187 0.005602592
 [947] 0.004827995 0.005044493 0.006276122 0.004290547 0.004732407 0.004134424 0.004948153 0.003930313 0.005268526 0.004387758 0.004609452
 [958] 0.003917006 0.004629712 0.005239563 0.004198413 0.006107519 0.003975265 0.005496560 0.004884438 0.005215613 0.004288217 0.005046900
 [969] 0.004235751 0.003407781 0.005447374 0.005830553 0.004573883 0.004029119 0.004921387 0.005809714 0.005706101 0.005164506 0.003779671
 [980] 0.005055729 0.003513122 0.005735531 0.004853937 0.006721445 0.004855760 0.004389579 0.004728719 0.004351353 0.005197985 0.004214721
 [991] 0.005321684 0.005933765 0.006635822 0.005154121 0.003955214 0.003603300 0.004662267 0.004040097 0.004007654 0.004216059
 [ reached getOption("max.print") -- omitted 4000 entries ]
> randomsolutionRisks <- sapply(randomscaled,riskfunction)
> randomsolutionRisks
   [1] 0.0011207281 0.0012202939 0.0013457387 0.0012477046 0.0013781950 0.0012124040 0.0011379707 0.0010566587 0.0011545970 0.0013275580
  [11] 0.0014267613 0.0014753671 0.0012039405 0.0010831301 0.0012406094 0.0010846707 0.0011309020 0.0014328407 0.0011418962 0.0014442802
  [21] 0.0011959135 0.0013205522 0.0011738639 0.0012084405 0.0012197092 0.0012820322 0.0012898187 0.0012662944 0.0011607529 0.0012049618
  [31] 0.0009934425 0.0013091519 0.0012262753 0.0010553005 0.0011617366 0.0012761456 0.0014908565 0.0010372560 0.0014111337 0.0012620107
  [41] 0.0013678279 0.0012964553 0.0014354274 0.0012775180 0.0011956741 0.0014109582 0.0011651164 0.0012398330 0.0014166644 0.0011918433
  [51] 0.0012592517 0.0012355985 0.0011542578 0.0011575520 0.0013497518 0.0012438054 0.0011028949 0.0012779415 0.0013020637 0.0014332372
  [61] 0.0013194571 0.0013252450 0.0013189160 0.0011100796 0.0012480163 0.0012323615 0.0013257606 0.0013319738 0.0012523089 0.0013301207
  [71] 0.0011419072 0.0009919050 0.0014202648 0.0013893391 0.0013833499 0.0010402416 0.0013109251 0.0010407143 0.0012839929 0.0012960673
  [81] 0.0010688371 0.0013638952 0.0011588171 0.0013105496 0.0012380817 0.0010674781 0.0011736555 0.0011496831 0.0009869483 0.0013012265
  [91] 0.0010966540 0.0011866266 0.0010917462 0.0014344928 0.0015639088 0.0012270490 0.0013865864 0.0011296515 0.0014313119 0.0013501972
 [101] 0.0013371510 0.0011497454 0.0014650836 0.0012162652 0.0012728580 0.0012025447 0.0012370852 0.0012588078 0.0011869719 0.0010825222
 [111] 0.0013281312 0.0011167585 0.0011442450 0.0012718163 0.0011824180 0.0014236507 0.0011501130 0.0011427641 0.0011956951 0.0011988552
 [121] 0.0012778749 0.0010551682 0.0012569392 0.0012851853 0.0013406650 0.0014056986 0.0012002816 0.0011390459 0.0014716630 0.0011504556
 [131] 0.0014404328 0.0013993687 0.0015095262 0.0013212867 0.0010619558 0.0014653419 0.0014345326 0.0013142051 0.0010386263 0.0013631913
 [141] 0.0012315528 0.0013559021 0.0013115961 0.0010982881 0.0013621653 0.0013225525 0.0011459928 0.0013059187 0.0012077778 0.0011783477
 [151] 0.0013522727 0.0015209459 0.0011098604 0.0009034424 0.0010610938 0.0013234558 0.0013679306 0.0015165155 0.0011857178 0.0012565802
 [161] 0.0012224079 0.0010111127 0.0010616917 0.0012654088 0.0013651620 0.0013380592 0.0015290699 0.0011814656 0.0011702352 0.0013329971
 [171] 0.0011760643 0.0012488694 0.0012555752 0.0011248109 0.0011704158 0.0011573757 0.0014310284 0.0011529274 0.0011347686 0.0012413070
 [181] 0.0013460389 0.0014826183 0.0011652903 0.0015844377 0.0013162774 0.0014163137 0.0010961883 0.0017076651 0.0014848401 0.0012134939
 [191] 0.0010902707 0.0012791304 0.0013149037 0.0010948577 0.0010929081 0.0012322798 0.0014766182 0.0012192911 0.0015196634 0.0011265694
 [201] 0.0012934206 0.0011656542 0.0012093439 0.0009778762 0.0011102764 0.0012418034 0.0011835545 0.0014451736 0.0012029221 0.0011415608
 [211] 0.0012127641 0.0012029258 0.0010017471 0.0010925248 0.0011341503 0.0013160067 0.0011330218 0.0011786377 0.0010611984 0.0013604122
 [221] 0.0011111925 0.0012017058 0.0010839638 0.0013773943 0.0013630396 0.0012383675 0.0010251828 0.0012486116 0.0012016406 0.0014481853
 [231] 0.0012226661 0.0013122797 0.0016994393 0.0011519379 0.0011401807 0.0013403807 0.0010988280 0.0013222791 0.0013221801 0.0011666958
 [241] 0.0012412835 0.0014421547 0.0012616961 0.0014085476 0.0015594741 0.0012383995 0.0011811304 0.0010468252 0.0011985829 0.0011229484
 [251] 0.0011233548 0.0010703024 0.0012738112 0.0013668250 0.0012255145 0.0013432211 0.0012116654 0.0012539524 0.0012538239 0.0013696075
 [261] 0.0014951683 0.0012165001 0.0012555165 0.0011615138 0.0013329488 0.0012880767 0.0012518286 0.0010949143 0.0012377705 0.0011830453
 [271] 0.0013077459 0.0014483045 0.0010906706 0.0011280573 0.0012622627 0.0012033374 0.0011698300 0.0012109329 0.0010748796 0.0013333694
 [281] 0.0009711559 0.0013429950 0.0011058587 0.0012800229 0.0013560078 0.0013176389 0.0012672909 0.0013637398 0.0013244472 0.0012746273
 [291] 0.0015004437 0.0013154091 0.0011383155 0.0010762094 0.0013569003 0.0012942383 0.0011888266 0.0011707621 0.0013949049 0.0011814316
 [301] 0.0010539708 0.0013003117 0.0012979289 0.0011841440 0.0013680063 0.0012021633 0.0011461604 0.0012345739 0.0011981873 0.0013161777
 [311] 0.0016942099 0.0011151803 0.0012231831 0.0012357187 0.0012759114 0.0011854413 0.0011905456 0.0012508454 0.0014845128 0.0011708203
 [321] 0.0011544504 0.0012380174 0.0012720256 0.0008891067 0.0011709650 0.0012815708 0.0011410696 0.0013750054 0.0010710620 0.0011353675
 [331] 0.0009882949 0.0010829532 0.0013246102 0.0013623554 0.0013005254 0.0013839705 0.0013145865 0.0015566500 0.0014760260 0.0009947839
 [341] 0.0012516505 0.0013402112 0.0012235479 0.0009946440 0.0013036702 0.0011813372 0.0014976700 0.0014004845 0.0011216560 0.0011346353
 [351] 0.0012396418 0.0013964445 0.0015280685 0.0008758768 0.0011529170 0.0011682992 0.0012618468 0.0013271989 0.0011882075 0.0013213482
 [361] 0.0010479548 0.0012257534 0.0013908017 0.0013600490 0.0012105801 0.0014579401 0.0013892598 0.0012226828 0.0011966435 0.0013687634
 [371] 0.0013494670 0.0011020052 0.0014581789 0.0011111642 0.0013360491 0.0010332556 0.0010796653 0.0011387391 0.0013236260 0.0010664746
 [381] 0.0012102346 0.0011206028 0.0012822607 0.0012541150 0.0012980618 0.0012021023 0.0011763517 0.0013197060 0.0014424230 0.0009897086
 [391] 0.0013127868 0.0012216790 0.0012329092 0.0011992997 0.0013387200 0.0013059234 0.0012115122 0.0011086655 0.0011476798 0.0011440699
 [401] 0.0012262959 0.0011667432 0.0012495269 0.0011217845 0.0012654392 0.0015416010 0.0012958327 0.0012587331 0.0015185208 0.0012364900
 [411] 0.0011634642 0.0013532291 0.0014375328 0.0012618871 0.0012562136 0.0011687789 0.0011915785 0.0011701209 0.0012314159 0.0011616005
 [421] 0.0012126999 0.0012368230 0.0011955211 0.0013856940 0.0012069614 0.0010293821 0.0011626243 0.0011772336 0.0013791207 0.0013088074
 [431] 0.0011140595 0.0011573754 0.0014808072 0.0011589347 0.0014440696 0.0013052538 0.0010595822 0.0014384401 0.0011478988 0.0013491157
 [441] 0.0014143068 0.0012011229 0.0011047582 0.0011431976 0.0012426982 0.0012197472 0.0012347285 0.0011645160 0.0009872960 0.0013873343
 [451] 0.0012953780 0.0012260973 0.0011741574 0.0012619600 0.0013767495 0.0012823723 0.0010546279 0.0011841316 0.0010482603 0.0011944931
 [461] 0.0011675335 0.0011855954 0.0011479870 0.0013418488 0.0014650848 0.0012919291 0.0014502615 0.0014309704 0.0012350953 0.0012724734
 [471] 0.0011497132 0.0012057385 0.0012358210 0.0012459875 0.0012173516 0.0013355077 0.0010802325 0.0013122418 0.0011079375 0.0010367351
 [481] 0.0012233537 0.0011545840 0.0012776699 0.0012873740 0.0012925696 0.0012425311 0.0012691535 0.0011780515 0.0010630742 0.0011264033
 [491] 0.0012889521 0.0013334514 0.0011744234 0.0012568272 0.0011291654 0.0010812954 0.0012941278 0.0012736915 0.0011746567 0.0014295751
 [501] 0.0012760138 0.0011465637 0.0012974891 0.0013549807 0.0013359386 0.0013499108 0.0011493699 0.0011854977 0.0013358649 0.0012660655
 [511] 0.0010481042 0.0011438511 0.0013558165 0.0012727092 0.0012949422 0.0011630325 0.0011471450 0.0012792384 0.0012360452 0.0010066972
 [521] 0.0012420370 0.0015488064 0.0011314301 0.0010790466 0.0014513459 0.0014239552 0.0011188467 0.0014548423 0.0011516617 0.0011783429
 [531] 0.0013662534 0.0013634107 0.0018113337 0.0013108110 0.0012512574 0.0014534052 0.0012033850 0.0012058098 0.0009286643 0.0011885619
 [541] 0.0011703010 0.0011010668 0.0011427850 0.0011655554 0.0012464493 0.0013061751 0.0015457233 0.0012904723 0.0011462362 0.0012133500
 [551] 0.0012427498 0.0009698239 0.0014278353 0.0012737336 0.0011293191 0.0014933145 0.0010042310 0.0011586984 0.0012553206 0.0013753857
 [561] 0.0012039064 0.0014841901 0.0014854341 0.0013753490 0.0011648739 0.0013632224 0.0011096347 0.0013638423 0.0011650066 0.0013986352
 [571] 0.0011857674 0.0011513394 0.0011764904 0.0012858306 0.0010846664 0.0013204175 0.0012324698 0.0014660587 0.0012346003 0.0013456223
 [581] 0.0012633852 0.0010341750 0.0012435864 0.0014562258 0.0013591671 0.0013577695 0.0011983912 0.0011045755 0.0014416363 0.0012371701
 [591] 0.0011367213 0.0011546234 0.0012958621 0.0012014739 0.0011552016 0.0012861214 0.0012602469 0.0012533331 0.0011850736 0.0012765840
 [601] 0.0012884101 0.0011305620 0.0012320111 0.0011220901 0.0011657086 0.0010970015 0.0012330778 0.0012163852 0.0012415233 0.0012684083
 [611] 0.0013054122 0.0012471916 0.0012014695 0.0012068905 0.0012208507 0.0014381830 0.0011373419 0.0012378018 0.0012429096 0.0011883201
 [621] 0.0012948263 0.0012075259 0.0012574620 0.0009983776 0.0011409688 0.0012858410 0.0012240129 0.0012971979 0.0011437515 0.0012895444
 [631] 0.0012813104 0.0014701902 0.0013362305 0.0011084151 0.0010539716 0.0012590641 0.0010986788 0.0010104122 0.0011142051 0.0010317977
 [641] 0.0011866255 0.0011595961 0.0011038421 0.0012434196 0.0009039483 0.0014767526 0.0011436361 0.0011707736 0.0013329318 0.0013423977
 [651] 0.0011712538 0.0014018162 0.0010771207 0.0010419223 0.0010727609 0.0012192766 0.0014914981 0.0013845896 0.0012185703 0.0012191735
 [661] 0.0015523415 0.0009769445 0.0012573790 0.0010928288 0.0011098835 0.0012802459 0.0012949981 0.0010702592 0.0013256480 0.0010717243
 [671] 0.0010730255 0.0013674131 0.0011931284 0.0011555575 0.0012411738 0.0011820072 0.0013560115 0.0012895621 0.0015721103 0.0014983012
 [681] 0.0012240081 0.0011129857 0.0012946960 0.0013330469 0.0011035096 0.0013671818 0.0010840371 0.0012732390 0.0010153635 0.0011232629
 [691] 0.0014188378 0.0013503571 0.0013548387 0.0013601699 0.0012322653 0.0012351544 0.0012092411 0.0011759567 0.0012192423 0.0011625108
 [701] 0.0012829500 0.0012103782 0.0013452247 0.0009735147 0.0013126540 0.0010927957 0.0012607433 0.0011144330 0.0014158385 0.0012502732
 [711] 0.0013859763 0.0011944545 0.0012117030 0.0011634656 0.0011459134 0.0011919171 0.0010438026 0.0013909712 0.0014935924 0.0013167866
 [721] 0.0012255256 0.0011428521 0.0014700577 0.0012889402 0.0012138483 0.0009897996 0.0011692896 0.0014070253 0.0013260682 0.0011247509
 [731] 0.0010475323 0.0012486475 0.0013227948 0.0012090943 0.0011092922 0.0012008298 0.0011176138 0.0012302743 0.0010244706 0.0012379682
 [741] 0.0012615941 0.0014445620 0.0010240023 0.0013602858 0.0013846155 0.0011768295 0.0011977963 0.0010658358 0.0013992663 0.0010432762
 [751] 0.0013507333 0.0013447857 0.0012851257 0.0011042983 0.0016338628 0.0011196478 0.0011518119 0.0011905983 0.0010620337 0.0012103761
 [761] 0.0011693159 0.0012855529 0.0011715328 0.0012636672 0.0012447258 0.0013626208 0.0011151262 0.0012832130 0.0013224750 0.0011912231
 [771] 0.0012680132 0.0016744895 0.0014113825 0.0011298446 0.0011120177 0.0011157838 0.0013535748 0.0011888052 0.0011616949 0.0012565634
 [781] 0.0010102156 0.0012815403 0.0010651335 0.0012396960 0.0014665084 0.0013009078 0.0011996672 0.0011658784 0.0014005341 0.0011800935
 [791] 0.0011957074 0.0011128032 0.0012736540 0.0012575082 0.0011730989 0.0011700014 0.0011501425 0.0013392943 0.0011755025 0.0010288284
 [801] 0.0011444088 0.0012323726 0.0013720709 0.0011940231 0.0011177786 0.0011458100 0.0010308837 0.0011861355 0.0010580152 0.0012822629
 [811] 0.0013528522 0.0011187643 0.0010544178 0.0011647794 0.0014172836 0.0012302741 0.0012444510 0.0010694406 0.0010417005 0.0010491964
 [821] 0.0012327325 0.0012377524 0.0009577074 0.0012651796 0.0011481865 0.0013033509 0.0012133842 0.0014070460 0.0010945471 0.0011718468
 [831] 0.0012103548 0.0015026797 0.0012075164 0.0012675076 0.0010757632 0.0014405886 0.0011446140 0.0012185534 0.0011320967 0.0013015970
 [841] 0.0013294486 0.0012190739 0.0010348549 0.0012836763 0.0012962774 0.0011605523 0.0012722641 0.0012703652 0.0012232031 0.0012225241
 [851] 0.0011127179 0.0012374957 0.0011635165 0.0011640468 0.0010807264 0.0012046439 0.0010466850 0.0012285956 0.0010906685 0.0012468685
 [861] 0.0011344344 0.0011958936 0.0013144362 0.0009971364 0.0013463990 0.0013168838 0.0012100255 0.0014432295 0.0012842124 0.0012186328
 [871] 0.0012109733 0.0011496120 0.0012560158 0.0011093472 0.0013275403 0.0010676170 0.0012163361 0.0012152904 0.0012179240 0.0013406905
 [881] 0.0014942377 0.0014545469 0.0012710935 0.0012856803 0.0013649883 0.0012443011 0.0013338660 0.0011183226 0.0017211454 0.0014298413
 [891] 0.0012736747 0.0013130835 0.0013752597 0.0011827602 0.0011676763 0.0012145224 0.0013158013 0.0011030749 0.0011488656 0.0010997578
 [901] 0.0012449426 0.0010945605 0.0013214310 0.0013525342 0.0011176976 0.0012830370 0.0011018650 0.0012694084 0.0013670654 0.0011032654
 [911] 0.0010921028 0.0010926982 0.0016544219 0.0013610736 0.0011299129 0.0012317695 0.0012692952 0.0012484169 0.0013798870 0.0011987769
 [921] 0.0013468633 0.0013978484 0.0009623140 0.0012741781 0.0012551470 0.0012487167 0.0009858695 0.0012458064 0.0012869617 0.0013991207
 [931] 0.0010704736 0.0013234229 0.0011969685 0.0010604649 0.0010809763 0.0014414498 0.0011655843 0.0014079996 0.0009746442 0.0009657939
 [941] 0.0011205052 0.0011434012 0.0010027617 0.0011166969 0.0012179551 0.0014346866 0.0012226359 0.0011399054 0.0014115619 0.0011066541
 [951] 0.0011176455 0.0012446482 0.0012517527 0.0011231892 0.0013579592 0.0011509875 0.0012142922 0.0011972170 0.0014156511 0.0012687770
 [961] 0.0012126555 0.0013969116 0.0011666440 0.0011942014 0.0012085348 0.0011929837 0.0013684535 0.0012667263 0.0011879716 0.0011404899
 [971] 0.0015220474 0.0013614827 0.0012320367 0.0011046111 0.0012441236 0.0013262472 0.0012703661 0.0013309907 0.0011132260 0.0011722679
 [981] 0.0010992618 0.0014275734 0.0012520818 0.0013441831 0.0013269232 0.0013278320 0.0012834958 0.0010896122 0.0012385788 0.0011473167
 [991] 0.0011974983 0.0014451486 0.0014972715 0.0012834977 0.0011525185 0.0012328808 0.0012875170 0.0010654143 0.0010440190 0.0011108851
 [ reached getOption("max.print") -- omitted 4000 entries ]