 [1] 0.44528502 0.39460521 0.11234719 0.28414811 0.04591634 0.01994281 0.17995207 0.43936034 0.00482668 0.79342226 0.32115566 0.95286245
[13] 0.39129531 0.92294428 0.31039419 0.96851455 0.65184311

[[752]]
 [1] 0.587019001 0.571828581 0.717202482 0.395214318 0.246575467 0.924111830 0.213540481 0.451982107 0.357930549 0.018445384 0.007017726
[12] 0.627578700 0.025170546 0.436058167 0.667833872 0.617693607 0.521769164

[[753]]
 [1] 0.79453772 0.92356970 0.05544832 0.27668493 0.15757866 0.10569866 0.29438257 0.02014365 0.18398113 0.45488633 0.59086865 0.38421200
[13] 0.02442874 0.12367220 0.37593992 0.54707578 0.19132868

[[754]]
 [1] 0.53456128 0.03552831 0.56326028 0.91754795 0.81080101 0.62353628 0.75790450 0.68660488 0.03584028 0.06256015 0.98758902 0.30078085
[13] 0.26432267 0.04136898 0.21919308 0.03685834 0.82227082

[[755]]
 [1] 0.08634481 0.66754048 0.25376865 0.14447013 0.91628390 0.70175796 0.99331898 0.35807765 0.47755184 0.19271157 0.04482490 0.47132693
[13] 0.03245189 0.93687636 0.80666052 0.85012882 0.90353884

[[756]]
 [1] 0.40200275 0.52268140 0.63983983 0.06757838 0.98899635 0.94734646 0.01066769 0.45432489 0.04902953 0.32186223 0.48266937 0.13158834
[13] 0.86895075 0.42283735 0.69467432 0.18709193 0.33722366

[[757]]
 [1] 0.26789605 0.82705794 0.33230874 0.11957917 0.52727907 0.03694402 0.18750145 0.92531950 0.55381114 0.24915495 0.24096425 0.40365664
[13] 0.77303474 0.01712238 0.37639876 0.20931117 0.98717682

[[758]]
 [1] 0.8955564 0.4185163 0.1967881 0.8259425 0.3029560 0.3015597 0.1137565 0.0556982 0.4607897 0.1880264 0.6402384 0.4258992 0.4363030
[14] 0.2284973 0.8499483 0.1151587 0.3111192

[[759]]
 [1] 0.23909363 0.89133521 0.97952111 0.99666684 0.79091898 0.66186475 0.33008089 0.12644845 0.41938523 0.02041215 0.75251540 0.92350229
[13] 0.73390199 0.27633403 0.23154246 0.32822723 0.54544542

[[760]]
 [1] 0.18635314 0.44772335 0.54663892 0.14023735 0.35548662 0.37256376 0.47709928 0.20348372 0.53732850 0.46144737 0.44618078 0.91213950
[13] 0.11636012 0.44849506 0.04123846 0.28284259 0.91100174

[[761]]
 [1] 0.80013149 0.78258326 0.29553272 0.01127594 0.63071938 0.10543479 0.08784258 0.95941034 0.24918234 0.38371410 0.85580408 0.77819339
[13] 0.41565140 0.58494350 0.70199707 0.64033810 0.96658595

[[762]]
 [1] 0.04057045 0.12149837 0.63244513 0.18564388 0.25014172 0.23241409 0.87863436 0.75193636 0.57021267 0.17558101 0.52398249 0.90974474
[13] 0.87312626 0.01763088 0.10036168 0.52409407 0.21254451

[[763]]
 [1] 0.41183171 0.85272446 0.06119474 0.82984722 0.72380270 0.36645372 0.13998430 0.28202575 0.16251994 0.60919215 0.38718328 0.82310003
[13] 0.07463189 0.71401812 0.96825630 0.14654539 0.62925004

[[764]]
 [1] 0.783471254 0.429605962 0.576231858 0.716481802 0.920199310 0.508769204 0.353644761 0.003020214 0.703834895 0.215593112 0.180832631
[12] 0.824521531 0.804203227 0.434023503 0.784302023 0.640349081 0.165783058

[[765]]
 [1] 0.003588381 0.865383188 0.726144078 0.215205382 0.027136351 0.349856526 0.438733116 0.574315356 0.235644793 0.543117480 0.552215349
[12] 0.541122816 0.900630688 0.548460167 0.235932891 0.576817731 0.803541485

[[766]]
 [1] 0.58160977 0.02770725 0.42829872 0.63126787 0.35518496 0.26660876 0.15969927 0.50721025 0.79343641 0.56438530 0.06414334 0.95627894
[13] 0.80293181 0.11480690 0.78976870 0.82369123 0.81336066

[[767]]
 [1] 0.2271589 0.2562685 0.2894326 0.2899806 0.5754405 0.6617192 0.2052064 0.4040292 0.4760129 0.5251585 0.8810130 0.2820339 0.8718042
[14] 0.3792867 0.2386359 0.5725756 0.1748843

[[768]]
 [1] 0.71963596 0.05190248 0.49041917 0.90817145 0.46442076 0.59026784 0.66207355 0.86576727 0.02634952 0.86471210 0.21975993 0.07646010
[13] 0.47836003 0.22289110 0.70915404 0.55879182 0.23837456

[[769]]
 [1] 0.10269622 0.47707407 0.01148724 0.84702126 0.13478907 0.36917985 0.12486752 0.49557424 0.43951128 0.43542343 0.80965651 0.58065599
[13] 0.99727145 0.13951943 0.81351313 0.60560044 0.96730826

[[770]]
 [1] 0.28373200 0.26297339 0.26201725 0.61100289 0.39667937 0.56754233 0.04093686 0.31366137 0.98780269 0.98431794 0.50380950 0.16568993
[13] 0.79681326 0.70484376 0.45633734 0.70617707 0.07217786

[[771]]
 [1] 0.810514318 0.563786985 0.003865466 0.531536840 0.543916300 0.858839153 0.041013965 0.382249383 0.398872147 0.665044206 0.319935192
[12] 0.496068516 0.869750037 0.726548312 0.520870834 0.803404845 0.878749218

[[772]]
 [1] 0.51990465 0.46604774 0.02883337 0.91070488 0.14295957 0.17134416 0.65355395 0.18001392 0.03069520 0.40190319 0.53483168 0.10458245
[13] 0.08529821 0.12684376 0.94636838 0.76629695 0.58915480

[[773]]
 [1] 0.78010714 0.31919961 0.54901378 0.56766123 0.29949035 0.07309243 0.33474431 0.16419528 0.72936585 0.54233865 0.66453450 0.68287427
[13] 0.24756345 0.08435152 0.78775661 0.82365634 0.97961117

[[774]]
 [1] 0.820307371 0.969499261 0.002124035 0.948081937 0.278970878 0.202766009 0.597187578 0.257940815 0.259389771 0.168680578 0.490987222
[12] 0.680724430 0.443400843 0.970464517 0.505315213 0.114555941 0.323728779

[[775]]
 [1] 0.81266878 0.15292337 0.99705662 0.97019522 0.58193533 0.36944683 0.08697366 0.49843461 0.07536631 0.33088682 0.78702849 0.85785994
[13] 0.54823042 0.46322010 0.78384738 0.18659758 0.99162407

[[776]]
 [1] 0.6715271 0.4631635 0.7709698 0.3463334 0.6605418 0.8967380 0.1474323 0.9065080 0.7864288 0.8142049 0.7335505 0.2808361 0.7184279
[14] 0.5838837 0.6919079 0.4795351 0.5865548

[[777]]
 [1] 0.21673239 0.38220780 0.84501844 0.18897206 0.34958756 0.59054743 0.24772077 0.02332516 0.17959116 0.24572362 0.85690314 0.82362428
[13] 0.78284461 0.18147283 0.69087698 0.66300425 0.73198163

[[778]]
 [1] 0.83472151 0.57821972 0.49027423 0.08010327 0.03658887 0.33539095 0.24191050 0.83486964 0.37480458 0.65929624 0.79957116 0.43382676
[13] 0.12280094 0.32575452 0.39728716 0.66647182 0.62030568

[[779]]
 [1] 0.63197595 0.65980483 0.32536156 0.21789931 0.97806499 0.01785212 0.25009991 0.41832215 0.55951146 0.45836697 0.42984577 0.78326109
[13] 0.17586162 0.12672022 0.52365664 0.34541917 0.90547266

[[780]]
 [1] 0.2411539 0.4879555 0.9675242 0.5207302 0.7011011 0.4887971 0.9186990 0.8050328 0.2110757 0.8045901 0.2806278 0.6593725 0.2509738
[14] 0.2819390 0.5043059 0.3362574 0.9733094

[[781]]
 [1] 0.47069739 0.50155929 0.45064729 0.11879397 0.90136482 0.98369159 0.18105607 0.84374804 0.33781301 0.39139503 0.89735885 0.50595072
[13] 0.04197744 0.34433958 0.48212859 0.01430756 0.72845835

[[782]]
 [1] 0.62169200 0.28540766 0.37066934 0.15808527 0.95833219 0.23141946 0.19450281 0.63682941 0.02224735 0.31731645 0.69260840 0.16197662
[13] 0.28823452 0.07819441 0.53088539 0.93586089 0.33211895

[[783]]
 [1] 0.1687569 0.7785004 0.6204455 0.9484252 0.8801879 0.1342478 0.8516675 0.8886898 0.9023408 0.9855590 0.7738286 0.5344134 0.2501576
[14] 0.1234899 0.2132672 0.2269254 0.4769669

[[784]]
 [1] 0.72360321 0.31012509 0.73679974 0.72683692 0.65308162 0.44237670 0.38953700 0.27104548 0.33239828 0.99005924 0.12020157 0.46808021
[13] 0.65412035 0.14507552 0.07759002 0.72342339 0.99153664

[[785]]
 [1] 0.36424019 0.12541706 0.44527893 0.47917454 0.90801823 0.20454480 0.71635767 0.24625353 0.84528733 0.44875585 0.06095396 0.12086710
[13] 0.75663551 0.13857614 0.68862636 0.74090941 0.07824353

[[786]]
 [1] 0.99306882 0.48310470 0.14311080 0.37056555 0.98055201 0.05385683 0.50294913 0.15233401 0.89880663 0.90799540 0.06239579 0.89452487
[13] 0.54996111 0.97486221 0.74379076 0.53901555 0.93393104

[[787]]
 [1] 0.4729423 0.7054072 0.2105814 0.8687188 0.3029963 0.1617587 0.1252204 0.1061180 0.8075324 0.0706278 0.6939192 0.9758302 0.9519891
[14] 0.8108238 0.9973707 0.3522159 0.1579844

[[788]]
 [1] 0.74529827 0.66629115 0.89835254 0.06412502 0.53351322 0.62961011 0.87815673 0.39524900 0.64788383 0.86927635 0.95453518 0.30799688
[13] 0.55625596 0.06119236 0.38115558 0.03808678 0.67531999

[[789]]
 [1] 0.58186956 0.50357181 0.42460374 0.02839378 0.17749967 0.06919977 0.97620817 0.51009540 0.44751827 0.25598010 0.28028745 0.78429849
[13] 0.13291730 0.74140351 0.49938427 0.19443176 0.80040322

[[790]]
 [1] 0.11900324 0.15132756 0.75712554 0.15162780 0.77205154 0.38826220 0.99939053 0.82333076 0.26612204 0.36414499 0.89453264 0.19863116
[13] 0.67180830 0.01306083 0.30041076 0.06365843 0.02443799

[[791]]
 [1] 0.36466135 0.90119076 0.03656812 0.25167653 0.58482794 0.38732976 0.04803170 0.24011655 0.66471236 0.50709928 0.79757139 0.71038272
[13] 0.12097144 0.07212951 0.69243792 0.63360134 0.23616505

[[792]]
 [1] 0.83400575 0.93940072 0.94560177 0.58700723 0.44425211 0.24262247 0.16808108 0.43021665 0.37598313 0.23605346 0.53884761 0.53049246
[13] 0.74331536 0.10166464 0.08381535 0.67856134 0.67563223

[[793]]
 [1] 0.36487260 0.46735104 0.43533682 0.16951871 0.01281126 0.41787648 0.78820892 0.36447202 0.31581057 0.90694931 0.93028506 0.92958643
[13] 0.13474555 0.30339582 0.21576652 0.65686099 0.17993111

[[794]]
 [1] 0.01578378 0.10542042 0.60343164 0.25452974 0.42826589 0.56090348 0.25112730 0.26048475 0.47072103 0.12238112 0.37958393 0.78428017
[13] 0.99074802 0.41075683 0.10516322 0.61259027 0.57723804

[[795]]
 [1] 0.703209749 0.304073290 0.273617627 0.381971716 0.008795355 0.011495919 0.284584972 0.656386728 0.307716116 0.827821139 0.726238503
[12] 0.697355538 0.504844789 0.874849027 0.086022959 0.862056373 0.420420237

[[796]]
 [1] 0.85795454 0.54058476 0.32840081 0.97558713 0.48012882 0.99053594 0.48408757 0.30834952 0.89433093 0.59052582 0.32038213 0.72317234
[13] 0.76692636 0.55635122 0.05119899 0.76314694 0.52296258

[[797]]
 [1] 0.864724513 0.941326519 0.021730040 0.378666626 0.125072906 0.244784398 0.735603273 0.863002890 0.006535934 0.974403848 0.673624133
[12] 0.664708527 0.281588373 0.749164333 0.339162852 0.275231774 0.788931757

[[798]]
 [1] 0.6938072 0.3111891 0.9454733 0.2441145 0.8890820 0.7176810 0.7095089 0.2885878 0.2903756 0.7913427 0.3817905 0.7194804 0.3022927
[14] 0.4579733 0.8098741 0.8019516 0.3292784

[[799]]
 [1] 0.53738110 0.80278642 0.27162913 0.62550507 0.10435819 0.27691015 0.41877084 0.88849084 0.97991871 0.29061755 0.44163449 0.23414498
[13] 0.01656721 0.65866518 0.84999052 0.11960082 0.10611282

[[800]]
 [1] 0.13518747 0.63395988 0.25462570 0.77790452 0.81228215 0.54824565 0.47254237 0.85025307 0.50201897 0.70311514 0.65535179 0.04403358
[13] 0.65245757 0.08760491 0.36938119 0.15760329 0.22703265

[[801]]
 [1] 0.20024107 0.09789534 0.76167120 0.37462349 0.18356602 0.49725406 0.35331623 0.42658185 0.08420527 0.22844369 0.55058635 0.60395755
[13] 0.66936265 0.67179074 0.42105687 0.08008210 0.54280847

[[802]]
 [1] 0.5284475 0.6511696 0.8531783 0.5821073 0.6086794 0.7237444 0.3920836 0.8080823 0.8539757 0.2531490 0.9183376 0.1665705 0.9770133
[14] 0.2595756 0.6259211 0.9325761 0.5932578

[[803]]
 [1] 0.835454061 0.307616434 0.501995686 0.173056198 0.303304639 0.689952916 0.556731684 0.197039737 0.919493269 0.183303559 0.419471793
[12] 0.351782564 0.314222304 0.912084556 0.185146207 0.938529234 0.007702682

[[804]]
 [1] 0.36529622 0.54829637 0.12086260 0.23892437 0.79035434 0.58837117 0.48355944 0.80189565 0.04391618 0.22718060 0.72463554 0.31183296
[13] 0.04286861 0.14346390 0.18973632 0.65161892 0.50847616

[[805]]
 [1] 0.62366613 0.77161818 0.99735622 0.44986874 0.61596444 0.98246327 0.54917884 0.97436708 0.14724670 0.09964586 0.53954043 0.30519489
[13] 0.09833796 0.72943818 0.86233919 0.06793818 0.09077095

[[806]]
 [1] 0.1127007 0.9772990 0.9701815 0.2174915 0.3496595 0.2657643 0.7429261 0.4417301 0.6820581 0.9118401 0.2329323 0.1048150 0.7687886
[14] 0.3943835 0.1315365 0.1841930 0.1407180

[[807]]
 [1] 0.16455265 0.70198791 0.87776476 0.30402076 0.61566421 0.73874243 0.03015577 0.78824966 0.91880144 0.19830684 0.84418705 0.12632034
[13] 0.50094476 0.51651293 0.41574734 0.41597192 0.07087005

[[808]]
 [1] 0.424615350 0.107729959 0.711182611 0.859327401 0.242304515 0.949118924 0.008986699 0.524500350 0.084435612 0.427739759 0.694673976
[12] 0.069728952 0.785220820 0.809826585 0.781653934 0.446147049 0.182644604

[[809]]
 [1] 0.857139646 0.803217817 0.004050631 0.373998145 0.154574611 0.539482523 0.367316722 0.493741084 0.235328813 0.898479643 0.895919426
[12] 0.936897430 0.756340761 0.032613954 0.343165300 0.227089605 0.582553006

[[810]]
 [1] 0.87004278 0.98197098 0.46655425 0.63297752 0.30820920 0.45334584 0.55836071 0.10753161 0.36000050 0.73410398 0.93806099 0.05116691
[13] 0.11487989 0.73585617 0.67291999 0.56538849 0.48494234

[[811]]
 [1] 0.304416437 0.969116960 0.217014453 0.652661491 0.335071944 0.695950171 0.000192737 0.095534736 0.721275907 0.553075017 0.625371061
[12] 0.119336554 0.459520602 0.046297263 0.714652875 0.663906232 0.934826376

[[812]]
 [1] 0.701753471 0.548101635 0.619198287 0.337896545 0.343491147 0.196510313 0.606844678 0.797736497 0.006373255 0.941074661 0.940880679
[12] 0.435001501 0.464183440 0.822130317 0.320540728 0.433602265 0.551883575

[[813]]
 [1] 0.6676449 0.2388573 0.8906175 0.7170338 0.9942322 0.8014149 0.1794703 0.5893543 0.3660339 0.3794268 0.2587754 0.9275893 0.8640849
[14] 0.2576337 0.1912863 0.4734485 0.6348283

[[814]]
 [1] 0.081438163 0.001111272 0.707082994 0.100197178 0.399578871 0.921379656 0.080264511 0.788844957 0.341804114 0.459661618 0.763867470
[12] 0.268890487 0.931445823 0.181586721 0.784294579 0.331020529 0.095127536

[[815]]
 [1] 0.19211364 0.10065921 0.20875729 0.26664667 0.58095429 0.44074745 0.27764473 0.21559288 0.57707103 0.44209672 0.13102937 0.07844845
[13] 0.44555469 0.82408862 0.15589675 0.89024222 0.04401698

[[816]]
 [1] 0.29811319 0.02712307 0.92152402 0.33994412 0.66997696 0.64929925 0.20087643 0.57354322 0.26472977 0.94421712 0.58280343 0.02230993
[13] 0.70782029 0.56797417 0.25284327 0.98130771 0.35175852

[[817]]
 [1] 0.84138455 0.92620875 0.49796880 0.72154395 0.51086873 0.55855918 0.06357835 0.48262342 0.92674289 0.06728020 0.45730441 0.48709132
[13] 0.23163893 0.38219893 0.71279707 0.82581938 0.53811924

[[818]]
 [1] 0.65067909 0.53941892 0.21091647 0.89900115 0.99553250 0.70367909 0.10321191 0.68580943 0.03204855 0.98991225 0.38924478 0.34320602
[13] 0.99112377 0.05859705 0.34173863 0.76743605 0.11519302

[[819]]
 [1] 0.3654132 0.3931850 0.7569005 0.9016495 0.1504797 0.1676902 0.2001058 0.6515289 0.9898144 0.9783406 0.2439521 0.6441052 0.7492123
[14] 0.5983223 0.2425522 0.4137626 0.1477345

[[820]]
 [1] 0.8039022 0.2896526 0.5469620 0.8788279 0.5469920 0.1891817 0.1239197 0.1098747 0.4372765 0.2646490 0.6012071 0.5509098 0.6760306
[14] 0.8232341 0.1958357 0.0728140 0.7448389

[[821]]
 [1] 0.06094314 0.02513199 0.79698035 0.82267794 0.68810964 0.33531047 0.21458809 0.76040384 0.84937512 0.25988411 0.66768394 0.41219126
[13] 0.10268849 0.63555091 0.56457177 0.61046688 0.91952831

[[822]]
 [1] 0.19935206 0.88422153 0.43375685 0.00134117 0.52647442 0.10941453 0.25927269 0.63412526 0.30804650 0.30127398 0.53530458 0.14762583
[13] 0.70881162 0.27603027 0.38361094 0.69936574 0.32499635

[[823]]
 [1] 0.420718010 0.445990026 0.078157258 0.518987337 0.812786191 0.984823105 0.002266961 0.980305260 0.505431621 0.897639001 0.335656767
[12] 0.657764564 0.374030151 0.176422477 0.270211864 0.181121167 0.622888721

[[824]]
 [1] 0.6069149729 0.4045009571 0.2893012634 0.0009374847 0.1039378727 0.3559659487 0.6054411046 0.9911331739 0.3353220355 0.7547315273
[11] 0.0495548835 0.9152639264 0.3986561007 0.4253430781 0.8215329188 0.2643025569 0.1648146913

[[825]]
 [1] 0.28260654 0.83032990 0.77811304 0.34636135 0.34163440 0.20014857 0.48353569 0.95276729 0.04666153 0.54739829 0.27601524 0.96175900
[13] 0.64830504 0.36203503 0.57295831 0.31412162 0.71931076

[[826]]
 [1] 0.24069870 0.28678350 0.68094554 0.95662978 0.63061765 0.97696570 0.76553811 0.44557352 0.21956750 0.07749713 0.36858615 0.34683028
[13] 0.53525614 0.86095257 0.13651486 0.77208835 0.59766189

[[827]]
 [1] 0.3242925 0.8415072 0.4000647 0.9240817 0.7807915 0.3796095 0.6652409 0.3942396 0.1557432 0.1894100 0.4158206 0.6033351 0.7644087
[14] 0.2915240 0.4703238 0.6077365 0.2836000

[[828]]
 [1] 0.43087350 0.49164022 0.75820651 0.20667674 0.13639975 0.03738754 0.98705329 0.62714594 0.41897397 0.83948113 0.32451331 0.56225472
[13] 0.51124920 0.66295232 0.16688800 0.94212838 0.50953092

[[829]]
 [1] 0.59885611 0.30370347 0.67905409 0.93590036 0.28429969 0.08195737 0.08482846 0.37932648 0.54365299 0.31463763 0.54503356 0.33631702
[13] 0.94951439 0.97159677 0.10341798 0.17233994 0.99987531

[[830]]
 [1] 0.36757442 0.85630235 0.95853433 0.40154393 0.42295444 0.05819918 0.92796008 0.66706023 0.42408468 0.05878987 0.89279922 0.94846319
[13] 0.41585881 0.52694390 0.36922283 0.46206809 0.19872837

[[831]]
 [1] 0.46234453 0.14101837 0.85880090 0.78772954 0.75705731 0.74889973 0.24824371 0.62635654 0.37543448 0.19900043 0.97907153 0.01143337
[13] 0.60409685 0.34216983 0.99335685 0.33228669 0.56079767

[[832]]
 [1] 0.162867574 0.280219135 0.372068639 0.001921172 0.881685796 0.709827684 0.865117825 0.039059767 0.518506356 0.829521123 0.129162984
[12] 0.138017404 0.223714158 0.479557612 0.330251431 0.410091298 0.852009691

[[833]]
 [1] 0.87402432 0.94941387 0.11030776 0.06370989 0.18122790 0.26386689 0.38960400 0.56080201 0.92665559 0.10083879 0.64287882 0.56392498
[13] 0.35818038 0.77184635 0.88153341 0.11791837 0.41180347

[[834]]
 [1] 0.33129882 0.58355087 0.81372578 0.10483803 0.76599888 0.53511273 0.72421214 0.45833247 0.90730033 0.55013546 0.69489588 0.69889088
[13] 0.21080741 0.05140583 0.64514662 0.31152288 0.94868718

[[835]]
 [1] 0.50931801 0.97994594 0.06375627 0.88052273 0.09331287 0.16317712 0.02818600 0.62717933 0.39049738 0.62855032 0.93587215 0.58502859
[13] 0.01025090 0.34561208 0.10989488 0.61121078 0.89314771

[[836]]
 [1] 0.33648290 0.18369238 0.57224088 0.54141523 0.54265292 0.75345681 0.29472554 0.52047101 0.20216845 0.58408761 0.47678633 0.11253018
[13] 0.90799656 0.09332134 0.73593411 0.96366189 0.99625452

[[837]]
 [1] 0.81983341 0.91030537 0.35477948 0.09811468 0.34601103 0.89506033 0.09020200 0.43939867 0.48973069 0.98316924 0.48883852 0.37358697
[13] 0.55184073 0.79506911 0.60667393 0.10973721 0.97201554

[[838]]
 [1] 0.01368614 0.64643130 0.08698612 0.97502443 0.18877485 0.67637794 0.45796496 0.40640800 0.84740790 0.69481653 0.85682313 0.71666530
[13] 0.78163248 0.62981646 0.82840649 0.49397304 0.32185120

[[839]]
 [1] 0.954513175 0.905770181 0.054887499 0.102801910 0.647148003 0.183772906 0.554650640 0.734725100 0.297121335 0.888905710 0.833765767
[12] 0.564994212 0.904078236 0.083765911 0.149704759 0.899450640 0.007481685

[[840]]
 [1] 0.7077788 0.3481012 0.3246434 0.1396779 0.8495204 0.2516863 0.8283658 0.6835430 0.6861176 0.8546380 0.7471744 0.3197352 0.3088971
[14] 0.1109078 0.1873304 0.8740221 0.7239571

[[841]]
 [1] 0.94348121 0.87720321 0.71316869 0.20611527 0.17794317 0.05132289 0.78958889 0.18218401 0.52910158 0.75444147 0.06981643 0.62210527
[13] 0.80365404 0.14301652 0.56824591 0.27139918 0.72285596

[[842]]
 [1] 0.75592093 0.70076051 0.46542163 0.79838255 0.21725177 0.67168503 0.25154619 0.09039664 0.69670419 0.66228580 0.82471569 0.50726051
[13] 0.35408093 0.25839928 0.64184362 0.75452100 0.06005963

[[843]]
 [1] 0.69639148 0.45308865 0.22720371 0.82324788 0.95277112 0.79895288 0.02579612 0.65555664 0.26081559 0.41585765 0.17473685 0.13992988
[13] 0.63282006 0.24681221 0.36727848 0.22697453 0.49817381

[[844]]
 [1] 0.357828487 0.706363096 0.639292368 0.399179518 0.808799672 0.278301634 0.342316842 0.347704288 0.181868801 0.083357756 0.625122168
[12] 0.277605615 0.002076034 0.302302499 0.516261703 0.803659465 0.060245723

[[845]]
 [1] 0.88243825 0.03799235 0.73234210 0.22195428 0.49391149 0.74020295 0.07286349 0.12663273 0.28257840 0.29672021 0.23435688 0.51247755
[13] 0.44778661 0.84056628 0.44022903 0.47875290 0.86913861

[[846]]
 [1] 0.12115821 0.83413968 0.80243442 0.41125543 0.98865079 0.35106557 0.30545294 0.91770909 0.13702862 0.03560924 0.02684138 0.86915047
[13] 0.36422100 0.06193946 0.62838765 0.49106274 0.50006962

[[847]]
 [1] 0.049525774 0.620088295 0.677357351 0.825408789 0.763608564 0.892543914 0.350541234 0.535950818 0.604339237 0.334567182 0.117240409
[12] 0.410396043 0.630906631 0.535952691 0.002516923 0.990196781 0.924381414

[[848]]
 [1] 0.70859350 0.42103830 0.40703425 0.79963088 0.17867511 0.73648567 0.58643070 0.12516949 0.68896514 0.02409010 0.18165088 0.33829706
[13] 0.32512115 0.31471221 0.05779446 0.52319709 0.18356067

[[849]]
 [1] 0.41523319 0.34845050 0.70246125 0.78668162 0.20073750 0.41877790 0.75387601 0.47620514 0.06592475 0.11033786 0.06014128 0.95217973
[13] 0.79354008 0.76623599 0.78506190 0.09844234 0.07455150

[[850]]
 [1] 0.792704912 0.786276252 0.056297664 0.651700093 0.790515502 0.126905555 0.009799494 0.706336996 0.025539802 0.286432333 0.167472479
[12] 0.883714352 0.933013848 0.314372521 0.460176439 0.897800858 0.974578888

[[851]]
 [1] 0.37361842 0.19091170 0.66857415 0.35489823 0.46652958 0.68662778 0.18428517 0.02275721 0.64527630 0.49459323 0.10058304 0.41717107
[13] 0.89603887 0.56108974 0.19350364 0.22610254 0.02052082

[[852]]
 [1] 0.41222017 0.61381908 0.80616318 0.04687731 0.93120667 0.87415814 0.56652415 0.04005528 0.80458664 0.55727748 0.66528368 0.65609410
[13] 0.59732540 0.86438007 0.62968949 0.59871623 0.07119328

[[853]]
 [1] 0.3763788 0.4881333 0.5285779 0.9705040 0.3317692 0.2403287 0.4745968 0.5099178 0.6282927 0.5117813 0.8801636 0.3838555 0.7385295
[14] 0.3782920 0.4143644 0.6057750 0.3793064

[[854]]
 [1] 0.47740388 0.55430823 0.76083507 0.33823732 0.54866670 0.08637344 0.63042782 0.60874423 0.61687800 0.49597589 0.42789772 0.80291824
[13] 0.99077978 0.07194705 0.12765420 0.35265116 0.94444439

[[855]]
 [1] 0.863621554 0.470329687 0.642030240 0.695677174 0.184799447 0.272828022 0.486938795 0.575254705 0.382210194 0.923431485 0.829849785
[12] 0.396561723 0.311840079 0.009442353 0.344665264 0.283786173 0.391710226

[[856]]
 [1] 0.03107869 0.18829552 0.09075305 0.82863991 0.18742313 0.03161749 0.21807298 0.34832317 0.36150412 0.39940613 0.48047200 0.83215632
[13] 0.58082919 0.52339228 0.40017013 0.39233326 0.61621571

[[857]]
 [1] 0.10613557 0.65689231 0.16187270 0.41264308 0.22539507 0.59537001 0.41240394 0.59205910 0.66324064 0.59465921 0.20303957 0.86911923
[13] 0.32648022 0.89839920 0.16130288 0.09634624 0.33836217

[[858]]
 [1] 0.6484361 0.1530044 0.9884683 0.6039739 0.9905443 0.5697414 0.6488532 0.7515634 0.5084042 0.3564071 0.8872306 0.6507070 0.4662128
[14] 0.5769641 0.8782610 0.7301739 0.4544466

[[859]]
 [1] 0.16164860 0.39234984 0.71726701 0.50706891 0.90271520 0.68546684 0.69979257 0.78642386 0.20683003 0.82850865 0.18198532 0.13680145
[13] 0.38737695 0.90418778 0.10650977 0.08850947 0.52005648

[[860]]
 [1] 0.71439645 0.90088837 0.17106303 0.51768339 0.16558473 0.63728011 0.27065927 0.63564126 0.22525477 0.61181243 0.04380302 0.05938683
[13] 0.27705772 0.28447974 0.96187919 0.02822593 0.35044020

[[861]]
 [1] 0.86740524 0.45408019 0.66789635 0.13033059 0.54258827 0.20590042 0.41559825 0.66529582 0.05482713 0.97208573 0.43827319 0.94841575
[13] 0.17502705 0.25236024 0.20698542 0.43525491 0.96448321

[[862]]
 [1] 0.8197662 0.5291376 0.1960933 0.6546367 0.5943078 0.5637149 0.6524846 0.9866042 0.1805525 0.3488792 0.6756331 0.9917103 0.6859036
[14] 0.9178498 0.3397517 0.8587343 0.8786841

[[863]]
 [1] 0.79211713 0.28925346 0.43854700 0.60860773 0.03661674 0.79499776 0.79376892 0.11805919 0.02875503 0.98597677 0.48924121 0.33351333
[13] 0.51185444 0.18563999 0.26621210 0.61819011 0.01985033

[[864]]
 [1] 0.37413676 0.76707705 0.14299053 0.57830036 0.95410974 0.42043443 0.66093877 0.51786941 0.13081192 0.16670377 0.85521342 0.53364919
[13] 0.09397787 0.64654011 0.17964484 0.08660015 0.02542074

[[865]]
 [1] 0.9936850 0.8269695 0.2928416 0.7376568 0.6441530 0.3837949 0.8450782 0.2703489 0.7513453 0.2864058 0.1330706 0.5111639 0.4837489
[14] 0.4282974 0.6696831 0.4804656 0.9453313

[[866]]
 [1] 0.22935892 0.58307518 0.58759710 0.39636524 0.37939030 0.75667099 0.56332381 0.15996959 0.93765874 0.35018510 0.09581648 0.39609259
[13] 0.11193506 0.74119169 0.61116212 0.18891855 0.44964228

[[867]]
 [1] 0.19266360 0.46441512 0.08684216 0.78466687 0.46786627 0.71767162 0.87539200 0.76041884 0.65504035 0.04020386 0.85929386 0.97604437
[13] 0.94287740 0.93693057 0.88755763 0.30728429 0.20498371

[[868]]
 [1] 0.006940312 0.043259201 0.825077672 0.584263105 0.565057875 0.142616377 0.094464131 0.184894898 0.304500928 0.788171538 0.039182848
[12] 0.656146700 0.350304432 0.137271577 0.822786651 0.545696091 0.965359929

[[869]]
 [1] 0.77643831 0.75609205 0.63480319 0.29699198 0.06449665 0.23239232 0.48697822 0.83834275 0.77001749 0.53184051 0.38851215 0.11619961
[13] 0.52695217 0.10718079 0.25918797 0.72844299 0.89445781

[[870]]
 [1] 0.03667207 0.10012477 0.62734998 0.95950045 0.28393997 0.19791725 0.43110387 0.23534569 0.39217505 0.21589685 0.70643512 0.36463951
[13] 0.80213158 0.57411948 0.10500633 0.48419595 0.61988414

[[871]]
 [1] 0.377732737 0.122143449 0.181785383 0.056763328 0.833897696 0.657803725 0.809610205 0.443279101 0.124484586 0.693151103 0.052267590
[12] 0.898119639 0.765638036 0.819983355 0.009519958 0.065207002 0.980681470

[[872]]
 [1] 0.78038662 0.12694225 0.25161677 0.43691862 0.96783154 0.94780758 0.37019872 0.45869367 0.84392703 0.29157018 0.67983405 0.71468203
[13] 0.82583239 0.04639031 0.14196573 0.91637976 0.10129490

[[873]]
 [1] 0.02344980 0.34369933 0.82740813 0.63756180 0.63246712 0.94212002 0.18954930 0.09282088 0.45027131 0.20891747 0.69885707 0.13062058
[13] 0.12320530 0.59655066 0.85427909 0.22814965 0.22230997

[[874]]
 [1] 0.91140887 0.48369259 0.86520755 0.33143481 0.01317217 0.49450366 0.06522826 0.78502473 0.56468825 0.87018982 0.49760761 0.63159448
[13] 0.50046048 0.83716977 0.69020094 0.27169418 0.63103777

[[875]]
 [1] 0.213092333 0.818353290 0.666030819 0.972584121 0.007332115 0.976659718 0.865147203 0.759620529 0.499180944 0.294073026 0.744406937
[12] 0.498595195 0.310554173 0.878656709 0.833303398 0.806406288 0.250385446

[[876]]
 [1] 0.98546366 0.45048650 0.98775471 0.01892344 0.75800373 0.77480317 0.31857367 0.06721407 0.15460464 0.41483555 0.74723596 0.41573962
[13] 0.89086066 0.82231275 0.11945583 0.23240086 0.29280915

[[877]]
 [1] 0.7267984 0.9337578 0.9705758 0.9176364 0.8743815 0.9775217 0.3251414 0.3897697 0.9072154 0.9291539 0.9388519 0.4466188 0.7083909
[14] 0.9530938 0.8583430 0.9722487 0.7927362

[[878]]
 [1] 0.24085594 0.79818250 0.50550698 0.89417813 0.29927819 0.03658209 0.47044076 0.20358039 0.61034968 0.67122595 0.41453075 0.16489670
[13] 0.79232338 0.73045784 0.38459466 0.23115350 0.82665787

[[879]]
 [1] 0.97186536 0.77524879 0.61152147 0.48715283 0.11592346 0.32917136 0.56200957 0.31270754 0.69289976 0.91716451 0.12735827 0.91648241
[13] 0.11373684 0.87871496 0.05851492 0.81914049 0.24060454

[[880]]
 [1] 0.7866331 0.5227446 0.3603716 0.5709466 0.4757265 0.4488872 0.4884993 0.3727517 0.1031630 0.3809588 0.1749714 0.4485086 0.3016486
[14] 0.5486992 0.2015188 0.8703498 0.7757051

[[881]]
 [1] 0.35356503 0.40340578 0.31774321 0.57776586 0.34903928 0.19153615 0.51118255 0.41743981 0.53448498 0.40972183 0.37239868 0.72255649
[13] 0.48415107 0.06278129 0.99360447 0.79039279 0.84926658

[[882]]
 [1] 0.77579450 0.95582356 0.95468715 0.21647597 0.19489398 0.99435699 0.20023620 0.05759904 0.52938277 0.22235695 0.47231341 0.32044659
[13] 0.56099859 0.64853966 0.94691953 0.87720569 0.93614072

[[883]]
 [1] 0.24799232 0.06439963 0.37356577 0.25020429 0.93567689 0.87574142 0.25722942 0.31842448 0.24105217 0.72766131 0.47518042 0.05044620
[13] 0.44801253 0.10213214 0.89436371 0.25983199 0.15944583

[[884]]
 [1] 0.47723726 0.60111116 0.39747416 0.83736261 0.67731862 0.05279882 0.82935110 0.17621131 0.07827638 0.91422730 0.20138178 0.85169533
[13] 0.81441948 0.17092063 0.59121007 0.37970227 0.69686369

[[885]]
 [1] 0.83849102 0.86106710 0.70245587 0.48644727 0.75864776 0.80522249 0.02567301 0.01355097 0.37123875 0.22870361 0.46060257 0.08492828
[13] 0.91996591 0.91994608 0.86843978 0.90636284 0.56804725

[[886]]
 [1] 0.139610570 0.471537501 0.060357004 0.807907631 0.966223466 0.004298935 0.247586254 0.756284963 0.629081105 0.091860048 0.210962620
[12] 0.345263876 0.205217824 0.202754486 0.482254300 0.730337751 0.330220898

[[887]]
 [1] 0.52454743 0.95032248 0.15530575 0.21144688 0.05785753 0.97636570 0.78736029 0.75269535 0.83854624 0.89456627 0.27637756 0.40649718
[13] 0.77470589 0.86245218 0.30328293 0.89451280 0.70307681

[[888]]
 [1] 0.1279625 0.4415579 0.2159628 0.3953863 0.7304082 0.2285027 0.4119044 0.8819686 0.1642954 0.8102238 0.4120893 0.9439724 0.8603054
[14] 0.7614896 0.4430219 0.6320435 0.1351161

[[889]]
 [1] 0.002782009 0.054103979 0.333893409 0.212658260 0.919416877 0.564042233 0.826935815 0.054414849 0.083515117 0.057006861 0.295927370
[12] 0.038526667 0.146952598 0.633704204 0.325489762 0.803357512 0.277551747

[[890]]
 [1] 0.26431151 0.76144894 0.52358647 0.82129882 0.12264546 0.28495491 0.98602088 0.25486350 0.75013706 0.12804626 0.45051440 0.39433443
[13] 0.80353178 0.05502105 0.93669888 0.26297696 0.46581856

[[891]]
 [1] 0.21058548 0.89434767 0.80609099 0.26883065 0.88901509 0.06263014 0.86083894 0.87802857 0.94364707 0.19860441 0.91817172 0.49257593
[13] 0.78837932 0.61399172 0.75760262 0.83535337 0.34904561

[[892]]
 [1] 0.88957769 0.65708280 0.20544150 0.97758657 0.30504430 0.99761026 0.58449963 0.64064099 0.84422542 0.41035905 0.51784282 0.06492283
[13] 0.18928890 0.58394552 0.85903547 0.76906511 0.16481311

[[893]]
 [1] 0.11754732 0.68332733 0.48117057 0.69804229 0.33947383 0.71222184 0.01380903 0.10319721 0.11434896 0.21777812 0.08270903 0.50677345
[13] 0.13614352 0.87836957 0.73055506 0.56895887 0.42857755

[[894]]
 [1] 0.64085416 0.17305946 0.19624302 0.04404011 0.52209556 0.13723693 0.01727955 0.91207580 0.23920193 0.36956598 0.72968883 0.68498901
[13] 0.22703068 0.10386578 0.53223032 0.79779981 0.36624663

[[895]]
 [1] 0.48709726 0.02896680 0.34549996 0.96064900 0.13838800 0.45118829 0.63244965 0.96055617 0.71551435 0.02834703 0.84466248 0.78161105
[13] 0.79704498 0.88834315 0.32237361 0.67446335 0.24815299

[[896]]
 [1] 0.7668699 0.6027194 0.9025183 0.3301736 0.6006775 0.1702094 0.2674529 0.1362493 0.7652214 0.4342387 0.5829527 0.5721297 0.8150773
[14] 0.7934963 0.1906166 0.9005719 0.4303895

[[897]]
 [1] 0.92359690 0.29445724 0.89454709 0.62022563 0.25738855 0.47129279 0.95984481 0.13096979 0.29454961 0.58688691 0.94838058 0.41984708
[13] 0.15488039 0.69275025 0.85367235 0.03971411 0.90864853

[[898]]
 [1] 0.16741077 0.31502052 0.22777287 0.26193472 0.32233423 0.91620609 0.40354133 0.74056433 0.65549452 0.47881150 0.13041096 0.67710148
[13] 0.42780496 0.61294170 0.25999765 0.08714092 0.53277123

[[899]]
 [1] 0.7136782 0.9452847 0.9764075 0.1227103 0.4119092 0.6372733 0.2087808 0.4176770 0.9531778 0.4015510 0.3362106 0.1192386 0.7432244
[14] 0.6421986 0.4539657 0.1336237 0.7657390

[[900]]
 [1] 0.898027718 0.918246667 0.323019566 0.763265957 0.895858452 0.335541543 0.895357603 0.393140623 0.001924438 0.473947353 0.591472115
[12] 0.003471902 0.962721103 0.169104373 0.176468154 0.241653174 0.031342469

[[901]]
 [1] 0.23999828 0.20208501 0.79955122 0.42016928 0.85609847 0.77929918 0.31842830 0.08473051 0.36609829 0.82813053 0.47264079 0.92146767
[13] 0.58639778 0.92262499 0.48252546 0.87395247 0.27171623

[[902]]
 [1] 0.79167250 0.99288291 0.53898147 0.71197462 0.76199379 0.75587172 0.41078950 0.64671485 0.36680739 0.22971045 0.40709099 0.70059844
[13] 0.96098942 0.06867083 0.30105314 0.63368797 0.30367284

[[903]]
 [1] 0.460517521 0.007136186 0.151200088 0.855282307 0.865462002 0.491382074 0.422535040 0.088275272 0.580382547 0.342153488 0.400601165
[12] 0.037794521 0.345649850 0.637267759 0.787556098 0.383976453 0.039071102

[[904]]
 [1] 0.72323914 0.74958349 0.21591834 0.39489975 0.04516287 0.01877407 0.72748634 0.93621523 0.96607243 0.72216395 0.64811268 0.73453893
[13] 0.38488027 0.77826552 0.97662862 0.73592115 0.84512001

[[905]]
 [1] 0.5152020 0.4086969 0.1849118 0.5544603 0.2676059 0.7587463 0.5999302 0.6949083 0.8882399 0.5275455 0.8312645 0.9277460 0.9584179
[14] 0.2458225 0.2227228 0.3023830 0.8340656

[[906]]
 [1] 0.621321472 0.762555559 0.723398793 0.006172012 0.492304431 0.875299757 0.923963969 0.779036692 0.021818067 0.275179804 0.430213726
[12] 0.367748432 0.289245836 0.478332106 0.080970398 0.753349222 0.219938295

[[907]]
 [1] 0.07775778 0.55327245 0.09332515 0.05293840 0.74431296 0.48700101 0.19459962 0.51376326 0.29767319 0.65933513 0.73404150 0.13107433
[13] 0.16929454 0.47227328 0.09434834 0.17790096 0.99228991

[[908]]
 [1] 0.7625309 0.4623197 0.5711894 0.6762300 0.4794215 0.2095175 0.9676105 0.6362900 0.9416465 0.3752157 0.3107565 0.2069842 0.9794331
[14] 0.9699742 0.6906939 0.1788738 0.6634544

[[909]]
 [1] 0.07318039 0.77999971 0.73583063 0.19261944 0.39459130 0.99268849 0.79851833 0.62045054 0.62842771 0.54031002 0.89158597 0.50222657
[13] 0.44095728 0.16745690 0.94023552 0.57761581 0.85156945

[[910]]
 [1] 0.58208486 0.04066398 0.99625279 0.22571776 0.34763408 0.01938269 0.25743390 0.37119789 0.29611212 0.26399503 0.33814448 0.71796848
[13] 0.21348014 0.05791063 0.13459655 0.47147289 0.01148175

[[911]]
 [1] 0.34917690 0.31967215 0.54485231 0.13793354 0.61420110 0.06518532 0.62862944 0.73936453 0.87508841 0.97880547 0.67220077 0.80332402
[13] 0.88084066 0.05228023 0.34294678 0.33137470 0.04051319

[[912]]
 [1] 0.21384250 0.56889378 0.19574132 0.67657784 0.17112348 0.24370468 0.24252222 0.49375282 0.42676807 0.43187212 0.71688119 0.06415216
[13] 0.91107696 0.20614924 0.35260026 0.18401359 0.35699967

[[913]]
 [1] 0.366561902 0.470790142 0.940006020 0.186738455 0.160605273 0.028225520 0.436561235 0.038369539 0.678413195 0.006065853 0.451797441
[12] 0.272174462 0.823727328 0.368274232 0.950310247 0.939429641 0.621692475

[[914]]
 [1] 0.38626175 0.94006248 0.15947959 0.14603337 0.23991967 0.25676062 0.61926802 0.68289093 0.03890433 0.02101176 0.89984267 0.52622651
[13] 0.21516205 0.62513426 0.21406351 0.93724714 0.79768502

[[915]]
 [1] 0.35635726 0.73897595 0.61960612 0.82406167 0.04828546 0.22742048 0.39002730 0.65562456 0.16568670 0.14389866 0.62885150 0.21661952
[13] 0.59882321 0.45653277 0.47545857 0.28966779 0.31787813

[[916]]
 [1] 0.75163016 0.15380747 0.61014749 0.23564011 0.92222204 0.71738268 0.54953655 0.36961231 0.99225457 0.15434959 0.79204279 0.69549876
[13] 0.09211353 0.13884760 0.96525501 0.07658692 0.65343556

[[917]]
 [1] 0.023430574 0.429564602 0.001812059 0.178910762 0.918191630 0.588333066 0.137215599 0.324647022 0.430377648 0.321763470 0.313358619
[12] 0.076526176 0.626610804 0.076755237 0.455760259 0.583197668 0.150791995

[[918]]
 [1] 0.60821827 0.73715676 0.64602791 0.33276448 0.63306232 0.73317767 0.52396758 0.66372453 0.04241329 0.47785405 0.61227105 0.27018505
[13] 0.43548423 0.01042492 0.21417950 0.80701265 0.88935051

[[919]]
 [1] 0.03461882 0.63938175 0.61685548 0.23927895 0.10119580 0.29270161 0.27808469 0.09534036 0.78803512 0.16484839 0.02058072 0.39604528
[13] 0.74042978 0.85437128 0.41030675 0.17541924 0.96738824

[[920]]
 [1] 0.275733280 0.978928705 0.009954553 0.612630156 0.743129977 0.668219100 0.273793042 0.388695797 0.512122095 0.727231234 0.515406701
[12] 0.311432294 0.800278884 0.346244164 0.769348243 0.298511163 0.773389985

[[921]]
 [1] 0.96710708 0.74457985 0.50559925 0.02871150 0.03275212 0.82977272 0.21873993 0.22961715 0.09708545 0.02741970 0.70197318 0.84353630
[13] 0.92198659 0.04802707 0.84521468 0.49044910 0.89169511

[[922]]
 [1] 0.54526459 0.97893662 0.22640375 0.43400267 0.04297208 0.36788207 0.55126030 0.11601513 0.78087389 0.55483415 0.40958500 0.85947962
[13] 0.65994232 0.47910212 0.71111128 0.79979197 0.65138323

[[923]]
 [1] 0.3582244 0.6994732 0.6854626 0.5544998 0.1162173 0.4991132 0.1444544 0.9110773 0.3553293 0.8080736 0.8415947 0.8231388 0.7713841
[14] 0.3909094 0.2254149 0.2431440 0.5019341

[[924]]
 [1] 0.73524090 0.76170143 0.08930568 0.56265130 0.03946741 0.39228718 0.64150324 0.76111902 0.52284830 0.05614352 0.48669893 0.12082298
[13] 0.33751274 0.65277033 0.05738699 0.54782394 0.85995804

[[925]]
 [1] 0.46959569 0.10740671 0.99827226 0.81820421 0.55064351 0.48643607 0.69394421 0.22524038 0.65307809 0.11879116 0.57537144 0.37273734
[13] 0.83136374 0.06423189 0.95725885 0.04043567 0.16276588

[[926]]
 [1] 0.55449768 0.06618845 0.42652354 0.65003090 0.28213412 0.65011395 0.48917645 0.37589512 0.52227172 0.90640331 0.78405148 0.80052844
[13] 0.74255441 0.53732823 0.96851048 0.22615897 0.82084183

[[927]]
 [1] 0.27226316 0.05562494 0.84875663 0.23981899 0.44868931 0.60219528 0.01438237 0.40934906 0.46621369 0.30427293 0.55694889 0.75654222
[13] 0.30123722 0.68082190 0.38739840 0.02175551 0.27138034

[[928]]
 [1] 0.84029080 0.12046470 0.59414107 0.22243658 0.96230414 0.04772926 0.85399545 0.87667809 0.73342156 0.75304639 0.54729573 0.06582925
[13] 0.51834699 0.49983761 0.77189461 0.34234012 0.24151115

[[929]]
 [1] 0.37385290 0.86644369 0.40148969 0.36396850 0.33129265 0.53033588 0.56787786 0.01906188 0.54945691 0.79405738 0.52138307 0.91612403
[13] 0.26078077 0.20497242 0.65867884 0.51990593 0.26147990

[[930]]
 [1] 0.17294172 0.33884847 0.35376861 0.47058785 0.74026462 0.95118445 0.85040343 0.42394757 0.98648585 0.46566969 0.61164307 0.78094369
[13] 0.01412228 0.80850197 0.74356271 0.78791830 0.79011636

[[931]]
 [1] 0.8724611 0.7767074 0.9852181 0.7607393 0.7243702 0.1011619 0.7903365 0.9219993 0.4278353 0.9226281 0.7766571 0.2762328 0.7153451
[14] 0.6962870 0.5107547 0.0687299 0.6700719

[[932]]
 [1] 0.76080062 0.57229549 0.82059448 0.25869655 0.12422801 0.08921824 0.28513683 0.33803695 0.43614522 0.89902735 0.32971227 0.08489750
[13] 0.56575643 0.94440021 0.57344816 0.77165900 0.32001051

[[933]]
 [1] 0.52982927 0.45713693 0.58175959 0.08132135 0.42992285 0.56398280 0.66194937 0.81613614 0.31093391 0.86273841 0.91537623 0.91474137
[13] 0.78146842 0.19494493 0.80406139 0.36443147 0.58085872

[[934]]
 [1] 0.4883588 0.5648286 0.4022013 0.7913590 0.4835671 0.6414795 0.1816934 0.6537286 0.5385070 0.8458981 0.9144879 0.9621215 0.9911273
[14] 0.6463271 0.9705052 0.2384331 0.1711245

[[935]]
 [1] 0.07010708 0.86821560 0.99527519 0.32207867 0.67837964 0.31116782 0.43227464 0.66719575 0.33671667 0.93115549 0.36921406 0.50240248
[13] 0.53205974 0.61979972 0.10534742 0.30924282 0.78006724

[[936]]
 [1] 0.3228793 0.3105320 0.4483955 0.1243109 0.1193182 0.3473945 0.6607983 0.8022884 0.1504612 0.6236610 0.3599355 0.8196402 0.3962124
[14] 0.4102733 0.8888520 0.5623167 0.8942331

[[937]]
 [1] 0.43983789 0.65274179 0.84766381 0.23899806 0.70738084 0.04597846 0.04879581 0.08038206 0.85770563 0.01085786 0.12208617 0.34617505
[13] 0.03227458 0.49650771 0.04895925 0.24839514 0.79540723

[[938]]
 [1] 0.45330927 0.67880457 0.11502240 0.28367046 0.07445875 0.01262602 0.53433461 0.38131764 0.53982581 0.55666622 0.30504881 0.93997860
[13] 0.16235149 0.96307518 0.71231646 0.62028287 0.73197118

[[939]]
 [1] 0.397663906 0.009602565 0.663889545 0.757533208 0.331210250 0.236049251 0.038388375 0.850450600 0.485086733 0.255580399 0.876658180
[12] 0.281065976 0.258685759 0.814106830 0.050212632 0.354688603 0.397830391

[[940]]
 [1] 0.51023947 0.86321105 0.59563666 0.17170299 0.14433626 0.61282135 0.52129645 0.94383672 0.44821964 0.37629140 0.68593070 0.90399250
[13] 0.54614756 0.66069893 0.09003222 0.15590443 0.03445023

[[941]]
 [1] 0.5326569290 0.7435334988 0.8000045863 0.9946179476 0.8681793634 0.0004853478 0.4702639161 0.7822684853 0.4882076669 0.0346283859
[11] 0.6950163550 0.1885230790 0.8934676165 0.5897548827 0.1200070214 0.7768405317 0.4181696433

[[942]]
 [1] 0.97258687 0.58318622 0.72768044 0.92824852 0.70721179 0.81727283 0.33005457 0.32080510 0.45798054 0.15005171 0.36109139 0.03684741
[13] 0.37758726 0.08982558 0.50754628 0.05130518 0.81565689

[[943]]
 [1] 0.45085972 0.26107067 0.24655786 0.76185882 0.69668590 0.81493015 0.38779681 0.33603411 0.68622391 0.78861994 0.85288935 0.55043610
[13] 0.47350184 0.50126144 0.38922594 0.07147828 0.12122301

[[944]]
 [1] 0.82794171 0.91443095 0.05143990 0.76475937 0.81155534 0.36451839 0.47811298 0.33084105 0.21064686 0.52400320 0.30228740 0.22953355
[13] 0.46630426 0.33210578 0.26685183 0.51460087 0.00894463

[[945]]
 [1] 0.9053369 0.8263305 0.9052734 0.9770041 0.3111923 0.7289812 0.1292627 0.3095558 0.7920453 0.8408915 0.5480239 0.8031688 0.5838830
[14] 0.2499354 0.9190889 0.6639655 0.8592004

[[946]]
 [1] 0.44423695 0.29007086 0.61569552 0.04808246 0.69500165 0.96355607 0.11860329 0.33679410 0.52341095 0.70273414 0.41633209 0.17387632
[13] 0.97384363 0.52672079 0.94329026 0.86155489 0.97955442

[[947]]
 [1] 0.6504554 0.8274361 0.7224998 0.4473538 0.3209141 0.9729796 0.1730937 0.3479341 0.4854634 0.7193224 0.6081919 0.1872551 0.5450329
[14] 0.6538586 0.4415090 0.9106074 0.2663106

[[948]]
 [1] 0.16773749 0.50275612 0.39175685 0.14474024 0.39928243 0.03557146 0.39355441 0.97387975 0.93209329 0.46015058 0.97781282 0.22153211
[13] 0.35481813 0.91270973 0.34558902 0.44814712 0.48567337

[[949]]
 [1] 0.24379455 0.67432077 0.09849929 0.42760617 0.69076726 0.35109471 0.91149921 0.38602152 0.76545902 0.01924398 0.99782622 0.05403461
[13] 0.62105261 0.29966898 0.55083150 0.71563361 0.48970952

[[950]]
 [1] 0.679937342 0.253748416 0.070019477 0.342664784 0.107419980 0.070524765 0.088492923 0.428159896 0.912087264 0.253155106 0.628204173
[12] 0.351316517 0.445583038 0.918843022 0.482413303 0.245673185 0.007132542

[[951]]
 [1] 0.5730876 0.2317582 0.1547515 0.5763342 0.7490192 0.4061050 0.2650022 0.8011130 0.7293478 0.4526398 0.1160705 0.6053859 0.4097449
[14] 0.8699875 0.5614485 0.4105734 0.1212714

[[952]]
 [1] 0.82153400 0.99288654 0.95955759 0.19195170 0.38564594 0.12455941 0.09275115 0.24382558 0.55216944 0.14715207 0.72115562 0.39002588
[13] 0.31233268 0.44938692 0.92533625 0.59581917 0.09113711

[[953]]
 [1] 0.12750281 0.94867335 0.60471659 0.96089651 0.52213459 0.95117444 0.54266032 0.07673094 0.93881182 0.59999497 0.37850659 0.88317869
[13] 0.31729451 0.89367177 0.71746376 0.66922768 0.11702102

[[954]]
 [1] 0.8432009 0.1102777 0.9862712 0.6254335 0.4986749 0.8394797 0.1060768 0.7214762 0.9224821 0.7274214 0.9233365 0.4761593 0.8843166
[14] 0.1066978 0.2015375 0.7751283 0.9744917

[[955]]
 [1] 0.6709643 0.9640531 0.4597510 0.0244051 0.7599308 0.6692821 0.8690681 0.4246572 0.8240140 0.6044391 0.4990479 0.0263079 0.8695298
[14] 0.3329216 0.8463890 0.6711509 0.1063029

[[956]]
 [1] 0.19540486 0.95893983 0.08726402 0.65538844 0.51129402 0.70956919 0.32253635 0.26778948 0.04204639 0.97812391 0.63532583 0.98260253
[13] 0.21659733 0.66436958 0.21974610 0.52028683 0.99379265

[[957]]
 [1] 0.675810267 0.512314347 0.914991829 0.631607642 0.090074907 0.150860182 0.252481247 0.233793282 0.884341053 0.083933838 0.872864859
[12] 0.451151914 0.824624312 0.868227742 0.711368015 0.606745361 0.006348541

[[958]]
 [1] 0.4874739 0.5649178 0.2509490 0.8637496 0.5149874 0.2873161 0.4141518 0.1931759 0.5846822 0.5113433 0.7203289 0.5333999 0.1358168
[14] 0.3734278 0.7400768 0.2668327 0.4491435

[[959]]
 [1] 0.82629062 0.14586673 0.66829874 0.10191265 0.20711855 0.89107933 0.25408456 0.06172896 0.04769181 0.85813837 0.16293631 0.75711680
[13] 0.18114412 0.49770292 0.74888598 0.74609269 0.24174044

[[960]]
 [1] 0.24225256 0.36138643 0.89481006 0.30036939 0.74005506 0.46697763 0.88594663 0.75314839 0.62687437 0.12384707 0.86212271 0.41174725
[13] 0.72526300 0.07741966 0.33951524 0.81138176 0.07330742

[[961]]
 [1] 0.38709370 0.89743239 0.43024099 0.71090916 0.02460564 0.15032959 0.92627316 0.62741257 0.80057876 0.58976505 0.89963567 0.62253226
[13] 0.91544888 0.03265801 0.34817998 0.45703206 0.50299481

[[962]]
 [1] 0.552767096 0.328444529 0.007829330 0.838035826 0.364164647 0.572683686 0.611904595 0.004552849 0.963436993 0.539673254 0.135141151
[12] 0.518489808 0.254617909 0.490719994 0.020668342 0.902440584 0.412121410

[[963]]
 [1] 0.9526560 0.3179998 0.2688887 0.9679912 0.7708981 0.3138813 0.2690362 0.1515932 0.9539325 0.1809444 0.9521878 0.6011448 0.7010530
[14] 0.7732301 0.9816943 0.0137487 0.8815834

[[964]]
 [1] 0.02222718 0.15138692 0.37648634 0.90150834 0.74173524 0.54276748 0.99382348 0.81471085 0.38635934 0.05799664 0.75748587 0.62445689
[13] 0.01066278 0.87485932 0.27418112 0.16709357 0.60755159

[[965]]
 [1] 0.2912597200 0.3363872585 0.5106192313 0.7588612491 0.8149247461 0.4757367873 0.4612415726 0.5491226756 0.0007694559 0.3541853179
[11] 0.3840316460 0.4865099448 0.2763252929 0.2975660544 0.4613768307 0.6891401298 0.0893603757

[[966]]
 [1] 0.58698844 0.08811198 0.78365041 0.38459239 0.79160391 0.85584337 0.61260932 0.69551728 0.90633248 0.31645765 0.38886296 0.59739188
[13] 0.99087532 0.39022730 0.02962294 0.69345525 0.72813357

[[967]]
 [1] 0.80314396 0.43351626 0.62612773 0.60213067 0.23860138 0.87677690 0.65112618 0.01979948 0.51065191 0.96055205 0.20441332 0.65529295
[13] 0.12888925 0.11087219 0.64102015 0.64292031 0.31937228

[[968]]
 [1] 0.4701458 0.5285894 0.4504975 0.1669162 0.6219832 0.3038777 0.3911294 0.8653131 0.3684320 0.4003679 0.9494066 0.8700371 0.2876786
[14] 0.3905442 0.7432700 0.8591089 0.8748305

[[969]]
 [1] 0.56108878 0.12104995 0.97634010 0.85345454 0.95450362 0.09463996 0.02001950 0.38035233 0.74661497 0.49690076 0.81754008 0.12960413
[13] 0.49957066 0.73101117 0.81971914 0.40865466 0.87922066

[[970]]
 [1] 0.7107805 0.1204038 0.9549024 0.8744344 0.1309136 0.4859383 0.7772186 0.4667002 0.8373977 0.9974743 0.7296437 0.8834689 0.1814431
[14] 0.3738439 0.3012841 0.4094187 0.2360862

[[971]]
 [1] 0.89635776 0.43805792 0.68310719 0.08456058 0.40417351 0.02843021 0.56110141 0.19405281 0.59405935 0.25488270 0.56314035 0.06439944
[13] 0.59818809 0.06667034 0.85965160 0.85075820 0.17721472

[[972]]
 [1] 0.56525398 0.20347470 0.20963764 0.30768147 0.46243958 0.52841787 0.01688920 0.14653156 0.56555622 0.05461851 0.32643189 0.79544722
[13] 0.70133340 0.72798732 0.63064058 0.85263322 0.29387466

[[973]]
 [1] 0.5789633 0.6241104 0.2038455 0.9183017 0.2322589 0.5499618 0.9430851 0.2233226 0.9352260 0.4434166 0.5877232 0.6779789 0.5077374
[14] 0.1812963 0.2133508 0.3996260 0.4257101

[[974]]
 [1] 0.75728409 0.58129870 0.23797055 0.72551495 0.58188677 0.67485885 0.68760113 0.78827673 0.79642956 0.09450803 0.77996160 0.70616102
[13] 0.65598440 0.10178886 0.53494353 0.36235132 0.07426938

[[975]]
 [1] 0.07185281 0.35678096 0.42252642 0.99217949 0.86703232 0.31300432 0.52718854 0.10343420 0.26757995 0.61065612 0.44751187 0.07304639
[13] 0.97846555 0.24272103 0.23020779 0.64735674 0.18193729

[[976]]
 [1] 0.5350865 0.5554863 0.4379266 0.5298466 0.2007643 0.5745627 0.8276812 0.5449999 0.2358228 0.4022578 0.3075544 0.3095796 0.6911096
[14] 0.6120293 0.3480280 0.6566391 0.3310705

[[977]]
 [1] 0.246835505 0.417546016 0.856739461 0.087359567 0.856911039 0.632563381 0.599887453 0.655434499 0.244651667 0.233753577 0.482446725
[12] 0.573332979 0.004474913 0.528603978 0.292365436 0.866715909 0.039649729

[[978]]
 [1] 0.8297536 0.6434022 0.6916878 0.1960965 0.9284879 0.1033495 0.6153567 0.6416278 0.5999538 0.6096339 0.9812233 0.2253064 0.1260079
[14] 0.4683316 0.8485608 0.8326817 0.9730135

[[979]]
 [1] 0.11558937 0.62808867 0.40496539 0.57237052 0.27934009 0.24355979 0.03068257 0.80619547 0.31304223 0.11031772 0.15549185 0.55014861
[13] 0.38867493 0.12836987 0.58730209 0.01715041 0.78846251

[[980]]
 [1] 0.69096354 0.92360672 0.46352246 0.21619564 0.92108130 0.54224563 0.20984331 0.83291434 0.06647175 0.12120105 0.25321406 0.46765563
[13] 0.79059892 0.17613864 0.32308859 0.65698988 0.90353446

[[981]]
 [1] 0.98059563 0.25354260 0.87604750 0.01664762 0.59060191 0.76336795 0.04093482 0.56601868 0.63311304 0.87245354 0.16220134 0.93139344
[13] 0.16392272 0.67791507 0.55368121 0.43079893 0.27333518

[[982]]
 [1] 0.4274087 0.1846214 0.7360298 0.6554406 0.1362291 0.6430404 0.9733334 0.2502515 0.2415042 0.1490478 0.8022720 0.7308071 0.4386204
[14] 0.1324655 0.2674455 0.8506011 0.6157206

[[983]]
 [1] 0.7743031 0.2190737 0.4560246 0.3998854 0.3206388 0.5390067 0.6583670 0.0618420 0.8096616 0.6478899 0.1718814 0.5488840 0.7243517
[14] 0.6679202 0.1103371 0.2252591 0.8158414

[[984]]
 [1] 0.09237258 0.43449865 0.04298169 0.21883137 0.98103471 0.16891177 0.42968983 0.72709810 0.31554266 0.13567419 0.64520012 0.27908987
[13] 0.75060428 0.92913181 0.63929684 0.88947234 0.41381374

[[985]]
 [1] 0.2933420 0.3896447 0.3938026 0.5365416 0.6859384 0.1384027 0.6071052 0.1477453 0.4708093 0.8158353 0.3556973 0.5797252 0.4446412
[14] 0.5767025 0.7295950 0.4858565 0.4406010

[[986]]
 [1] 0.94437951 0.37230977 0.05490751 0.66996147 0.23201418 0.95510119 0.85973040 0.47284220 0.87647327 0.84640381 0.69878874 0.97016282
[13] 0.79900113 0.01761673 0.97711848 0.65900056 0.56243028

[[987]]
 [1] 0.33218325 0.60576082 0.91081906 0.91192629 0.09003423 0.09427256 0.49604387 0.38088660 0.84341733 0.37690627 0.42324479 0.17281845
[13] 0.70081064 0.71468423 0.87225637 0.21688156 0.62331942

[[988]]
 [1] 0.52058205 0.72194734 0.12329932 0.04551505 0.20777478 0.45287249 0.49338304 0.68751014 0.29782842 0.27968984 0.90264805 0.60600969
[13] 0.16728396 0.59894680 0.26358649 0.31777135 0.14877513

[[989]]
 [1] 0.13963420 0.90299344 0.07215530 0.67608152 0.56124145 0.92548769 0.39760468 0.26963052 0.07467878 0.38669066 0.11056337 0.76702486
[13] 0.21913695 0.65467253 0.60346764 0.34761712 0.54819516

[[990]]
 [1] 0.22142243 0.61850830 0.03530741 0.61730174 0.22902588 0.68250158 0.77443930 0.40411369 0.91596977 0.84274138 0.28942442 0.71609226
[13] 0.57845481 0.41235075 0.09890322 0.02315418 0.72415579

[[991]]
 [1] 0.96724678 0.96321698 0.11016276 0.41977908 0.70838881 0.53800671 0.83871053 0.79687063 0.62349501 0.04098091 0.56647432 0.73937944
[13] 0.54235067 0.77035078 0.52854950 0.56838617 0.33867918

[[992]]
 [1] 0.92855661 0.62672048 0.49715746 0.35658611 0.11705335 0.85543266 0.60447622 0.08148677 0.34146240 0.14289061 0.44690416 0.12388202
[13] 0.37800535 0.67714491 0.69079139 0.61782701 0.37252245

[[993]]
 [1] 0.24921197 0.95042718 0.44037888 0.54435231 0.41323022 0.43637569 0.36259165 0.38557303 0.16872381 0.13824406 0.20408074 0.27284044
[13] 0.07560825 0.56258776 0.75865692 0.85411107 0.78301777

[[994]]
 [1] 0.87739380 0.18874412 0.76361725 0.57399067 0.15916698 0.22050820 0.72875934 0.74375516 0.56295409 0.23049196 0.01012620 0.06170486
[13] 0.98851547 0.46279342 0.39696085 0.16712784 0.79531068

[[995]]
 [1] 0.86173275 0.14999007 0.11971883 0.92545286 0.35429436 0.95238148 0.88030934 0.47940740 0.64130004 0.44870772 0.53825223 0.98181913
[13] 0.35074491 0.19536470 0.32293182 0.05042234 0.78528175

[[996]]
 [1] 0.429698394 0.727955765 0.983332061 0.780760992 0.991769585 0.710478673 0.925825353 0.116554693 0.009209066 0.800480640 0.782761554
[12] 0.236137771 0.038036576 0.241209679 0.864854781 0.033660792 0.427563260

[[997]]
 [1] 0.31638153 0.01677754 0.15769352 0.68237871 0.10197726 0.22297664 0.85327745 0.03931262 0.19305945 0.75143725 0.83546404 0.17596845
[13] 0.67400880 0.92849608 0.40178251 0.03063233 0.31835442

[[998]]
 [1] 0.26085144 0.14604619 0.58068053 0.35916754 0.25323023 0.17746158 0.33925477 0.43299637 0.94627072 0.16699200 0.78552785 0.67390139
[13] 0.93650751 0.52506679 0.08303163 0.07463177 0.66238729

[[999]]
 [1] 0.31804035 0.62819083 0.16718555 0.72098912 0.78763753 0.37027181 0.15084743 0.53762409 0.81680534 0.56279028 0.17464283 0.47236503
[13] 0.11081946 0.21898964 0.08194211 0.31101669 0.67266812

[[1000]]
 [1] 0.99885686 0.85523341 0.07332969 0.44152831 0.91549577 0.86641758 0.55016791 0.93922496 0.60253903 0.82579536 0.90798670 0.51670527
[13] 0.48042601 0.69577938 0.64158844 0.34003740 0.88080193