           weekly.returns weekly.returns.1 weekly.returns.2 weekly.returns.3 weekly.returns.4 weekly.returns.5 weekly.returns.6 weekly.returns.7 weekly.returns.8 weekly.returns.9 weekly.returns.10 weekly.returns.11
2018-01-05   0.0284437934      0.022239489      0.051405094    -0.0353600467     0.0239173931     0.0539663900      0.140115163     0.0474672549     0.0372266462      0.061865189       0.045850929      0.0481362897
2018-01-12   0.0119428343      0.033898306      0.018172278    -0.0335270437     0.0159881616     0.0523902407      0.011784512     0.0158078922     0.0024373530      0.036521739      -0.053296698     -0.0299105047
2018-01-19   0.0077362416      0.010276536      0.013588651     0.0365401926     0.0044643081     0.0034862496      0.047420965     0.0200576554     0.0196341262     -0.006711409       0.027876147      0.0844865036
2018-01-26  -0.0389443670      0.030758052      0.033696368     0.1173583668     0.0451110889     0.0284576054      0.028594122    -0.0649790815     0.0160963212     -0.012246664       0.011837491      0.0235057767
2018-02-02  -0.0641944803     -0.038298895     -0.054378099    -0.0784744378    -0.0242398368    -0.0281172574     -0.038610039    -0.1430988284    -0.0411875377     -0.041043140      -0.047057787     -0.0264655069
2018-02-09  -0.0254828411     -0.034204764     -0.066660665    -0.0476706588    -0.0392242214    -0.0391024026     -0.091566265    -0.0507757266    -0.0389181256     -0.050379001      -0.065597837     -0.0682991943
2018-02-16   0.1024230458      0.121426843      0.054944226     0.0366325361     0.0433204808     0.0721846515      0.045092838     0.0369984442     0.0931491416      0.064788782       0.028532249      0.0484687473
2018-02-23   0.0178043677     -0.007444214      0.029219938     0.0476294766     0.0223912826     0.0405834842      0.021150592     0.0285141244     0.0005241831      0.025132275       0.000000000      0.0096596596
2018-03-02   0.0040456239      0.001363659     -0.042483509     0.0261889797    -0.0107377740     0.0002383332     -0.021541011     0.0261911014    -0.0171149320      0.007311828      -0.020877054     -0.0202734387
2018-03-09   0.0213948632      0.029732137      0.075186290     0.0655369334     0.0375066941     0.0539587606     -0.009314141     0.0654358749     0.0493366631      0.039282664       0.062408763      0.0367356911
2018-03-16  -0.0108900547     -0.007934781     -0.020956224    -0.0195439935    -0.0200953282     0.0200805119     -0.019658120    -0.0066259119     0.0080148897     -0.047658176      -0.014662811      0.0085221126
2018-03-23  -0.0734749000     -0.057542771     -0.100516826    -0.0353722312    -0.0784354985    -0.0466858739     -0.073234525    -0.0618265419    -0.0488269287     -0.073339085      -0.046874946     -0.0531465187
2018-03-29   0.0172183640      0.011079703      0.010004240     0.0551053676     0.0469143955     0.0049297646     -0.054562559     0.0009570022     0.0204863196     -0.022346369       0.026151453      0.0277124459
2018-04-06   0.0035761474     -0.050361367     -0.023987498    -0.0631720598    -0.0113946974     0.0117086217     -0.043781095    -0.0262259030    -0.0327084673     -0.023333333       0.001901835     -0.0306215736
2018-04-13   0.0377122628      0.055732875      0.022074637     0.0629227288     0.0315859349     0.0249302272      0.033298647     0.0225837904     0.0257037940      0.073135056       0.026290774      0.0054220653
2018-04-20  -0.0515652447      0.025348837      0.042447502    -0.0063633242     0.0206273953     0.0052664778      0.006042296    -0.0031550251     0.0356997489     -0.066787778      -0.019698484     -0.0867526571
2018-04-27  -0.0205164976      0.014062123     -0.039992091     0.0232874253     0.0086315789    -0.0148286757      0.112112112    -0.0006879799     0.0474933518     -0.009250292       0.050471679     -0.0200257504
2018-05-04   0.1325159812      0.013196153      0.017630126     0.0009482079    -0.0068878731     0.0297881982      0.015301530     0.0045441963     0.0153277296      0.044226044       0.023978438      0.0110034588
2018-05-11   0.0258934556      0.013907307      0.047748114     0.0358090003     0.0266918127     0.0585095195      0.059397163     0.0187799981     0.0250725789     -0.010823529       0.018944072      0.0342057528
2018-05-18  -0.0120897081     -0.059220575     -0.029045968    -0.0214010983    -0.0137154150    -0.0156689636      0.087866109     0.0604144157    -0.0188465708      0.019029496      -0.025305578     -0.0373340516
2018-05-25   0.0121840160      0.001157116      0.008721303     0.0362616636     0.0207555000     0.0229745142      0.041538462     0.0407308559     0.0343760011      0.049953315       0.006976342      0.0229047643
2018-06-01   0.0088026460      0.009246464      0.040756340     0.0295815842     0.0247051644     0.0318196751      0.063515510     0.0345037595     0.0354660619     -0.014228546      -0.002630852     -0.0025444784
2018-06-08   0.0076744741     -0.004122767      0.001223756    -0.0355641718     0.0083341204    -0.0003978791      0.059027778     0.0410135472     0.0106820511     -0.018944520       0.044139601     -0.0068877804
2018-06-15  -0.0149191499      0.017709292      0.028005045     0.0010899546    -0.0147594219     0.0024282472      0.071475410     0.0006792588     0.0130903329      0.007356322       0.020463158     -0.0061649371
2018-06-22  -0.0207583038     -0.023728791      0.002794482    -0.0473598431     0.0027964347    -0.0325232379     -0.033047736     0.0044122671    -0.0142611548     -0.027384801      -0.027644809     -0.0147324894
2018-06-29   0.0010274876     -0.003935231     -0.034470486    -0.0531428762    -0.0179265305     0.0007387965     -0.051265823    -0.0473079452    -0.0081075737      0.006100516      -0.018416345     -0.0409233484
2018-07-06   0.0154502727     -0.007436672      0.021978236     0.0333936840     0.0258594765     0.0179648252      0.091394330     0.1035705782     0.0187949490      0.008861847       0.012709605      0.0194201034
2018-07-13   0.0178751981     -0.021774761      0.042668988     0.0165466618     0.0422103186     0.0419033560     -0.005501283     0.0167131237     0.0267115694      0.010633473       0.023734373      0.0134156158
2018-07-20   0.0005749229      0.005505003     -0.003288902    -0.0059364419     0.0079673433    -0.0040604316      0.014136447    -0.0061117018     0.0073463663      0.000000000      -0.029271970      0.0783690760
2018-07-27  -0.0024028729      0.013330208      0.045227034    -0.0814871894     0.0132681193    -0.0106003374      0.147878848    -0.0068914639    -0.0137959913     -0.008691720       0.022766331      0.0176774122
2018-08-03   0.0890669670      0.006107634     -0.011941897     0.0408976720     0.0033432485    -0.0060044700     -0.023759291    -0.0061919561    -0.0337242903     -0.013843978      -0.028055472      0.0057900602
2018-08-10  -0.0022116736      0.022180643      0.011358920    -0.0157163608     0.0088855886     0.0016582360      0.030827420     0.0154689560     0.0285644707     -0.021525549      -0.024630525     -0.0158311349
2018-08-17   0.0484267482      0.047738695     -0.029613549    -0.0358239523    -0.0130275046    -0.0315333074      0.037250841     0.0050777581    -0.0147860105     -0.054041081       0.035796571     -0.0219351212
2018-08-24  -0.0065263259      0.009810356      0.016395270     0.0118896396     0.0076222345     0.0643468180      0.212948912     0.0034733137     0.0420414933      0.035894791       0.034217279      0.0276601289
2018-08-31   0.0530625499      0.031303972     -0.002015388     0.0161561057     0.0362546119     0.0076478908      0.049624687     0.0087056813     0.0131098921      0.009272816      -0.009594739      0.0572258944
2018-09-07  -0.0278082936     -0.015072242     -0.043802681    -0.0408837291    -0.0366776723    -0.0100186517      0.087802900     0.0009358073     0.0038729940     -0.059477708      -0.026891607      0.0293578683
2018-09-14   0.0114776004      0.007438959      0.006610470    -0.0195909576     0.0476850942     0.0529766062      0.195032951     0.0248286167     0.0327704510     -0.024678765       0.041881266     -0.0104723928
2018-09-21  -0.0276089712      0.024472552     -0.005492450     0.0245937412     0.0078503923    -0.0502748440     -0.051956019    -0.0248352915    -0.0312032663     -0.006325725       0.001976911     -0.0078810853
2018-09-28   0.0371221210      0.001853398      0.023480182     0.0135019503     0.0009627253     0.0347669688     -0.004190877     0.0095634271     0.0315731806      0.023872626       0.011180541      0.0022696096
2018-10-05  -0.0064233719     -0.010688612     -0.030264687    -0.0054980333    -0.0195856076    -0.0249305823     -0.114600166    -0.0016474915    -0.0223834483     -0.036269380      -0.023658569     -0.0572916440
2018-10-12  -0.0097195241     -0.050280531     -0.040843324    -0.0457154592    -0.0228306169    -0.0545171565     -0.036928702    -0.0253712647    -0.0471863213     -0.031720430      -0.046298586     -0.0473216659
2018-10-19  -0.0126063797     -0.008094487     -0.012269382    -0.0196078650    -0.0083051565    -0.0154297267     -0.101746393    -0.0076190458    -0.0033991171     -0.013881177      -0.048109683     -0.0305093041
2018-10-26  -0.0137248417     -0.024040582     -0.022791521     0.0384090682    -0.0156451770     0.0031424887     -0.254860566    -0.0566218941    -0.0430127984     -0.117117117      -0.033113127     -0.0462939650
2018-11-02  -0.0407767308      0.027796610     -0.012767443     0.0310790552    -0.0074793849    -0.0250610412      0.147475958     0.0306319204     0.0542520136      0.121811224       0.021060553      0.0575402540
2018-11-09  -0.0145073986      0.035839952      0.007903256     0.0212269153     0.0321212874     0.0216992031      0.039545279     0.0753454331     0.0431496017     -0.068220637       0.006317951     -0.0183083811
2018-11-16  -0.0535041911     -0.016132519     -0.004370899     0.0149657241    -0.0116820206    -0.0243015729     -0.017593960     0.0654767917    -0.0482963321     -0.029896219      -0.034253532     -0.0315209089
2018-11-23  -0.1097504579     -0.039050638     -0.035431314    -0.0468974177    -0.0482039057    -0.0557997449     -0.061955518    -0.0052646966    -0.0680571267     -0.015723270      -0.034512429     -0.0246813134
2018-11-30   0.0365082666      0.074764210      0.068904607     0.0595186923     0.0758707577     0.1122982853      0.099071213     0.0150115585     0.0887084280      0.029393035       0.026636321      0.0453281714
2018-12-07  -0.0565012705     -0.029872572     -0.052858653    -0.0622591551    -0.0547389219    -0.0513770938     -0.086384981    -0.0140310518    -0.0562624904     -0.041589135      -0.028549373     -0.0284650173
2018-12-14  -0.0178646146     -0.013350539      0.005325224     0.0350345789     0.0115435890    -0.0336134454      0.022610536     0.0172114920    -0.0075571172     -0.003886010       0.002680669      0.0002737952
2018-12-21  -0.0891346408     -0.086643431     -0.060032626    -0.0631007300    -0.0735640486    -0.0921739000     -0.149246231    -0.0289252098    -0.0752500648     -0.031859558      -0.048024548     -0.0224473042
2018-12-28   0.0364890874      0.021983322      0.058741837     0.0425958965     0.0219891676     0.0686302768      0.052569403    -0.2013376882     0.0540337340      0.051040967       0.031828563      0.0400448065
2018-12-31   0.0096652950      0.013093336     -0.001417413     0.0038502674     0.0117541689     0.0139380627      0.035914646     0.0757208673     0.0051059483      0.034504856       0.003528286     -0.0061927573


           weekly.returns.12 weekly.returns.13 weekly.returns.14 weekly.returns.15 weekly.returns.16
2018-01-05       0.035625561       0.004567380       0.046201844       0.038747634       0.063102595
2018-01-12       0.035199960       0.039004474       0.025196424       0.017332290       0.020610057
2018-01-19       0.033616732      -0.013357854      -0.050475687       0.080740741      -0.061389400
2018-01-26      -0.017943925       0.015172782      -0.081825717       0.061686086       0.074010398
2018-02-02       0.025885078       0.017475235      -0.052440191      -0.054228567      -0.015224375
2018-02-09      -0.063450870      -0.004519797       0.010876520      -0.014675700      -0.029292091
2018-02-16       0.063391442       0.087400751       0.090822816       0.203671590       0.267393051
2018-02-23      -0.025335320       0.043006199       0.032782041       0.050072000       0.006613757
2018-03-02       0.012232416       0.006004784       0.091853966       0.027130664       0.009198489
2018-03-09       0.110271903       0.014524553       0.263056400       0.059498372       0.073567627
2018-03-16       0.006122449       0.008432947       0.094612504      -0.028708110       0.021831450
2018-03-23       0.024678803      -0.045313071      -0.071083064      -0.004926082      -0.064688392
2018-03-29       0.034642099       0.039315543      -0.016225902       0.038301119       0.009517766
2018-04-06      -0.039222001      -0.004704057       0.014864569      -0.030363841       0.029541155
2018-04-13      -0.017590409       0.017723533       0.079052949       0.050465866       0.031746007
2018-04-20       0.007432432       0.013931927       0.004648568       0.033998546       0.005917160
2018-04-27      -0.028839738       0.046183166      -0.082176552      -0.005480081      -0.039411741
2018-05-04       0.024171306       0.050164174       0.096793688       0.096310393       0.024494794
2018-05-11       0.060350674       0.021017874       0.086596784       0.103583964       0.037059150
2018-05-18       0.139586609       0.004083039      -0.014551540      -0.015445525       0.023054755
2018-05-25      -0.014787919       0.019993240      -0.098557723       0.043443282      -0.033802817
2018-06-01       0.013310620       0.029568089       0.080380971       0.105435561       0.049562682
2018-06-08       0.003633343       0.043078445      -0.009344182      -0.105841311       0.091666667
2018-06-15       0.012809774       0.010518174       0.101441539       0.062402517       0.055979644
2018-06-22      -0.045092083      -0.028776993      -0.121990614      -0.047540400      -0.017349427
2018-06-29      -0.015836453      -0.007722648      -0.050975340      -0.029292735      -0.016184346
2018-07-06       0.011995319       0.032401541       0.042272639       0.043676812       0.049850447
2018-07-13       0.001156432       0.036769215       0.048372056       0.030055203       0.013295289
2018-07-20       0.004042709       0.026116679       0.002307045       0.040258540      -0.022024359
2018-07-27       0.023871096      -0.075488096      -0.081267723      -0.021658103      -0.027791098
2018-08-03      -0.008426939      -0.027686532      -0.023318540      -0.039557267      -0.025628379
2018-08-10       0.077620455       0.144626802       0.072020560       0.060079369       0.074355075
2018-08-17       0.056782333       0.022206619      -0.013620504      -0.015683496      -0.037193946
2018-08-24       0.007711368       0.020211659       0.063071487       0.085460818       0.044987756
2018-08-31       0.031103482       0.016442063      -0.011409531       0.031359482       0.039775387
2018-09-07      -0.031841058       0.006629541      -0.088600817       0.163189320      -0.025652548
2018-09-14      -0.011374852      -0.008956797       0.022793648       0.002919897       0.071131612
2018-09-21       0.023011556      -0.036150998      -0.115238076      -0.050325761      -0.021129772
2018-09-28       0.062347161       0.100937663      -0.080301398       0.027153299       0.054625524
2018-10-05      -0.040506374      -0.070390722      -0.003277130      -0.074616258      -0.087134505
2018-10-12      -0.161909335      -0.059552653      -0.026303498      -0.115496865      -0.107623276
2018-10-19       0.026330911       0.006876733      -0.065123036      -0.031776385      -0.025740970
2018-10-26       0.027049665      -0.035571998      -0.072497346      -0.068507875      -0.006631547
2018-11-02       0.029052401       0.002213057       0.198609146       0.112244919       0.077355036
2018-11-09      -0.152506667       0.138377771       0.011139476       0.026138117      -0.056457147
2018-11-16       0.032689883      -0.033622125      -0.033279803      -0.026484481       0.006984239
2018-11-23      -0.110642093      -0.111467960      -0.051519422      -0.098076592      -0.084886089
2018-11-30       0.095254271       0.116566216       0.119148883       0.222862694       0.065384591
2018-12-07      -0.094398047       0.005125411      -0.054350258      -0.019952882      -0.050541537
2018-12-14      -0.063568011      -0.007380516       0.043519396       0.071016302      -0.024826672
2018-12-21      -0.060948905      -0.086791914      -0.173390711      -0.182906726      -0.058486229
2018-12-28       0.039253789       0.084677924       0.104195199       0.128594999       0.089159564
2018-12-31       0.031413613       0.011873919       0.032778743       0.035546145       0.010288504
> 